77 11384
36 2778
16 6794
73 13387
2 11650
8 363
70 17691
27 3764
77 11541
67 13173
9 7212
100 12568
51 13783
44 11863
66 17068
63 7930
59 17023
98 12070
97 8394
33 16012
44 11230
90 422
88 14785
65 8199
51 2316
7 16414
91 1092
84 17957
61 18863
52 17997
16 13306
48 9085
76 337
80 17847
68 10314
66 1125
16 3583
88 3815
25 7435
21 17044
79 16088
109 277
65 15789
22 4404
30 11755
31 4933
9 1677
93 8740
87 9227
10 2095
81 13796
19 13435
52 6468
63 8098
53 3318
57 4653
41 3302
12 287
110 5866
10 17445
80 18441
48 15032
92 98
36 13482
108 3710
17 11568
94 1498
106 17587
4 16307
85 13220
72 14529
10 2733
60 5504
39 9271
96 7709
20 1341
104 12797
16 18619
2 3847
16 4922
29 11380
9 7765
41 13842
21 12194
35 13035
75 3125
67 6988
82 17744
36 228
7 4860
32 17433
59 6438
108 5276
42 15475
16 1859
108 8030
64 9236
29 8819
52 3144
80 16929
85 18777
14 7444
59 8614
31 10607
79 15905
89 8129
78 4370
67 16918
44 3325
74 1471
30 16491
76 9773
51 16645
60 12506
17 11955
53 18670
5 4543
48 1198
25 6356
22 13349
89 18623
34 300
79 18747
63 15341
31 13312
2 18606
71 17662
16 8879
87 321
87 7445
36 14523
67 6709
69 7283
78 14925
15 11063
17 18601
30 13453
91 16380
82 8469
52 17974
1 1882
35 4934
104 9661
82 7200
57 17900
4 4960
19 14814
106 15191
7 10927
1 8085
35 3091
13 15377
108 17937
37 12446
79 8180
13 11888
73 1349
40 3660
71 13337
78 12343
42 8207
83 18714
16 1322
10 8820
15 8722
42 16940
68 15941
19 706
21 128
9 4985
75 15921
110 11423
42 16397
35 631
23 17293
61 5673
16 2626
30 12223
43 11641
94 17899
91 10299
11 4525
52 3210
87 4820
16 9733
35 2995
90 9380
17 15274
46 1851
23 8861
95 11580
106 16994
48 2622
4 9505
105 13962
10 17327
53 6945
107 14203
92 9785
109 4843
110 11529
19 8873
109 4959
109 37
59 3754
44 17304
79 6134
85 1891
37 18568
80 14369
7 2501
48 18789
41 17250
54 2304
58 5364
103 10254
16 16687
77 10153
19 6976
100 11158
71 10437
52 17415
45 7461
28 8029
89 3051
43 1557
18 17795
44 16700
23 17040
54 15429
12 17501
69 11648
72 17160
15 536
43 4340
98 7216
10 12505
15 14050
40 16286
66 18344
81 8178
2 16239
20 3950
19 14368
6 5293
55 15744
91 8830
61 1683
90 2542
73 13827
53 5262
108 4361
32 18024
90 10082
96 4191
88 6997
85 1678
27 10691
108 9525
79 7615
49 8206
37 1313
77 4101
55 6727
103 6917
10 6579
51 13947
81 12648
61 12052
84 632
78 14858
17 11313
56 3215
21 13513
20 413
30 1611
95 8190
2 8356
94 7621
49 11988
47 18339
105 771
108 1857
1 17607
108 18850
10 4206
9 17218
34 13946
69 9874
48 15874
84 12290
19 1608
75 11758
60 15472
50 18101
9 16619
99 8026
14 3075
52 3158
59 6494
30 11271
30 418
94 17570
75 12623
48 14174
3 1432
21 9683
62 293
56 6058
18 4522
52 15575
22 13948
2 2232
41 7538
91 10055
76 10099
57 16082
63 13517
100 16232
65 5797
81 18339
32 10219
103 11971
60 2813
36 8978
85 14537
34 11177
100 3208
5 17858
62 1500
61 16128
11 11237
106 4819
20 10564
32 4245
105 4806
56 6292
35 3956
9 18590
69 18994
103 15806
63 15823
81 6718
35 4094
14 2127
44 14487
55 8544
54 3815
18 14180
76 6763
20 3089
93 4711
28 9295
96 10347
42 17138
54 154
29 7574
102 2926
99 17711
57 11218
96 3964
49 91
45 15131
22 8572
106 9634
84 2790
32 9605
21 4806
14 17869
27 10486
60 8196
21 10950
17 17968
18 12764
12 3597
91 8866
106 3037
79 2771
63 4212
7 2533
62 9380
5 9271
88 4173
41 10235
73 3284
21 10399
78 14064
41 9951
95 7574
73 2060
105 48
76 10083
55 11233
4 3955
77 6899
39 1641
33 3160
94 16263
109 18042
85 1724
23 2273
66 5155
78 5822
58 10366
27 10172
99 7270
4 14702
54 4654
40 12908
107 13729
41 16798
49 17085
9 335
57 9992
56 14899
52 12053
110 15190
41 14507
45 15017
70 17110
49 1001
24 18110
95 14082
110 5339
108 5427
4 148
72 6788
43 14533
16 14282
60 16851
35 8591
12 8351
8 9814
42 8495
14 1082
54 13721
32 11983
46 488
86 18297
83 6405
82 5893
53 18298
2 15135
96 2507
99 2058
20 1596
88 11963
57 8484
58 5155
78 10310
73 14933
107 10022
31 564
52 16683
87 7686
21 6286
84 1991
7 315
31 2117
76 18893
80 13529
41 16526
101 13137
84 619
59 14338
92 17583
46 7311
56 889
21 1816
14 9438
63 13009
71 5784
38 12658
27 14828
2 270
60 1652
19 17911
69 11640
61 6889
98 4394
67 5891
3 14200
58 2932
10 3778
97 13658
48 15953
56 11642
59 5369
86 185
66 2777
9 7267
99 15955
4 5309
78 11279
73 3556
46 5775
76 10001
4 13998
38 7413
32 383
35 13694
5 11440
20 10422
88 2986
12 9355
13 12763
57 1542
21 15853
73 9663
98 10400
94 15155
37 14016
55 18852
14 1791
53 9492
48 11038
99 9860
41 1872
47 2988
2 13591
103 1971
52 11666
98 17070
84 10362
33 18352
27 12301
78 639
50 3365
35 18033
46 18105
82 17680
39 14413
77 4970
77 1171
71 3845
45 11650
65 13466
87 9327
100 4184
86 1970
62 4153
81 9394
80 4290
94 15632
56 9265
66 13549
54 5878
29 7834
46 7950
74 10156
47 6469
44 8961
37 8824
69 14172
11 1678
22 18246
61 2762
101 12324
95 4101
35 12076
45 15043
110 12660
25 17290
49 14470
107 3552
50 9384
104 10134
87 2305
86 8982
72 14667
63 4968
100 18193
59 13903
43 6132
38 3175
57 3719
108 16184
43 11488
58 574
66 12063
8 3934
29 5497
4 12142
5 15727
24 6981
49 14486
101 6306
30 11030
101 7899
65 10563
81 7720
83 1642
41 3011
74 10727
11 2790
84 7709
8 7939
62 3494
91 3711
31 4906
32 11614
21 3639
48 5422
2 1830
54 4181
40 7096
9 18025
77 8155
43 4570
11 15970
1 5374
4 5434
70 588
60 16095
62 500
95 6340
101 12743
46 4087
96 7350
92 14187
45 1012
38 6134
8 12723
34 3774
43 5520
35 7355
70 7125
24 17260
34 4419
10 13713
105 7706
10 18734
40 12735
106 2316
34 1088
81 5670
83 1488
63 3838
11 7090
71 14206
72 18705
70 16558
7 8404
102 5893
66 1523
110 444
79 3362
18 12379
106 5701
8 18883
32 13900
107 10590
27 17354
25 1949
87 3037
63 11108
65 1418
11 922
47 4481
85 13995
88 9124
35 16934
93 16318
38 932
106 7710
49 1157
106 8070
73 17996
36 7172
100 13570
57 18802
102 14653
6 14341
13 12744
20 5092
27 7528
3 4879
27 18051
44 7125
47 5214
41 2500
109 8795
72 18116
100 8343
74 10438
51 18199
73 18940
72 4514
18 12129
62 15805
4 16347
76 14139
81 11496
33 4422
55 6227
96 16159
63 7357
63 10646
70 15447
64 4112
72 4604
53 18826
20 10217
45 10175
31 2597
5 3268
58 13014
81 12520
3 4651
17 6833
81 9280
16 10954
69 1296
32 4108
61 12938
61 14977
72 4585
31 3084
60 10493
101 9497
44 2940
55 14736
7 12874
104 4165
70 18252
41 752
95 6340
47 6166
66 14303
12 7080
78 11548
12 8485
50 562
104 11932
48 7529
20 15495
22 6544
99 9124
30 2188
79 644
75 6989
71 1321
107 13099
43 14019
59 464
51 9696
100 15506
107 9143
36 2099
79 18473
17 14854
39 2798
103 17548
107 4517
50 7913
11 3878
58 6554
4 10933
62 4036
89 2108
5 8050
77 7862
24 2335
75 3326
38 10429
74 15764
31 9116
65 10382
28 13186
88 10101
110 11409
64 8350
85 1880
85 1317
86 16586
87 1766
67 16931
17 11893
100 7630
80 16753
66 9367
54 17396
87 4429
94 8848
1 15027
97 11063
74 15630
99 8101
7 2398
83 14776
1 14545
47 7321
86 17519
20 5795
17 17135
34 6909
74 17063
43 8687
95 5433
71 2808
70 8835
26 10597
107 15985
13 14325
62 466
2 9717
18 9344
102 10188
42 8603
109 5361
41 10880
4 15942
9 8925
29 13136
3 4163
87 8871
87 2164
11 9812
58 10516
103 235
91 8291
44 8694
41 18340
74 6495
45 7214
45 16383
104 15476
22 9739
94 18952
36 12812
12 11169
74 18814
98 13500
45 5536
80 16465
28 7347
72 7073
32 14741
38 17624
57 16058
110 15794
31 15282
82 18115
79 372
75 11597
25 4884
58 17568
48 18801
46 5675
21 8434
103 2458
50 1950
51 14524
108 7293
50 1630
33 10336
19 9141
16 2044
47 14340
97 9026
71 8654
71 2053
15 9958
104 288
32 17541
8 11827
78 7206
19 1879
1 13170
79 7228
44 13521
31 13222
107 6884
94 3268
3 383
96 512
64 17554
23 7609
106 14769
71 17199
47 7969
24 16010
108 6504
74 9255
32 8058
90 6824
85 6397
1 7943
30 18013
98 6856
37 14855
80 10135
3 1282
42 14974
92 6639
109 3414
53 5900
16 12485
81 9662
22 14781
104 1924
51 3001
53 14001
23 12953
8 13505
89 3760
25 18526
49 14118
91 12637
67 18561
24 14615
6 7938
62 13749
100 15621
41 5864
7 4833
54 14005
87 7459
81 10128
52 13369
9 12570
37 5342
19 3375
101 14606
66 1902
88 17990
97 8491
29 733
46 18700
53 18001
3 10458
52 13349
48 3018
68 16170
69 13570
80 9129
81 19
83 10586
23 6281
4 10755
104 11708
41 7401
6 8022
1 14789
61 7191
68 4635
44 326
25 14462
11 11143
14 18192
101 13521
19 14555
73 14143
33 16931
106 14035
5 11309
59 9781
53 9645
45 9546
88 6523
38 1926
33 6736
29 1493
77 7297
81 15531
92 1050
47 16513
5 4590
33 4449
103 4429
89 2558
58 16577
41 6798
75 11140
95 4006
13 15783
30 11524
76 1237
75 7418
70 8354
105 16725
47 5351
93 7711
49 17243
104 14165
42 11642
80 1112
51 1411
73 7791
28 6956
110 12917
10 10782
58 8959
86 9807
32 11902
109 11675
28 10266
67 6567
2 9670
24 11135
88 537
50 12907
27 14698
110 11261
48 9571
87 16987
108 15009
7 278
86 12137
8 12694
110 10947
33 16368
25 5097
78 11541
35 96
62 10951
29 17803
2 12631
33 10526
18 18691
27 16162
100 14935
64 16796
52 17136
61 18352
88 6321
39 17901
87 3862
82 17975
20 10115
87 10429
103 10053
13 8626
103 5434
104 10278
31 2950
46 13152
17 10961
58 15800
13 12230
100 2629
69 16800
84 13590
64 15877
31 18767
35 2985
27 10760
55 10777
20 8072
101 2239
30 12685
6 8491
41 5776
7 17782
63 11251
39 429
50 12265
54 6759
15 11945
52 10770
106 1978
27 13258
45 18143
36 4473
101 12596
93 8266
88 3250
27 4468
52 8559
91 13303
93 15964
98 6039
57 5015
29 7434
65 16431
48 9670
98 14660
82 3496
18 314
1 3719
6 6030
2 1893
13 11444
44 1008
103 11314
109 3514
42 2097
91 8857
2 13700
32 5070
21 17196
15 1890
17 1370
13 18009
77 4705
84 16296
38 16415
108 11365
45 7252
45 1211
64 739
95 18194
72 5627
66 9946
17 17395
70 2807
108 12457
87 796
44 11785
91 6861
86 12883
109 18574
81 13696
37 10506
78 16367
25 11864
99 7791
109 11291
16 12162
106 5094
92 8602
1 7145
12 5652
36 17589
49 9448
82 6276
11 957
12 15330
75 9843
11 7950
35 9902
4 15665
86 13573
14 13812
107 1543
107 8641
47 860
41 5259
57 6429
46 15298
65 9295
61 10557
96 10126
30 16254
26 5072
75 9881
7 7720
15 15368
11 16204
57 10730
11 11787
26 10595
23 17859
47 10509
6 699
5 12514
82 731
78 2948
1 12659
100 4879
79 7108
60 5054
73 4008
41 10176
75 13303
21 10309
13 12627
6 10087
87 9107
45 8124
8 18752
94 2502
89 7411
20 4393
32 16001
89 10151
47 15382
59 10288
43 18329
24 11952
60 13719
66 1424
22 15515
13 10183
28 14808
22 17130
81 11295
98 16745
108 6079
79 11127
99 2761
2 7187
26 185
86 9883
24 1640
49 13849
84 16445
61 14056
90 9486
35 1284
63 6247
84 2556
61 43
91 18951
9 12790
60 551
48 15057
32 6043
95 7915
5 16459
89 10110
65 16265
30 9282
99 3217
20 18261
57 6764
79 14264
46 14400
32 971
102 11778
59 8130
37 12013
86 11418
84 10780
90 14980
10 1238
4 2248
61 4996
62 11525
15 13000
5 12712
27 7644
33 11785
18 13633
72 97
36 9219
102 1442
31 3764
45 1287
78 14895
24 15836
23 5059
24 16338
34 12316
65 9618
31 10999
52 8781
15 13007
19 13036
12 16024
83 15753
16 12710
25 18826
14 12757
93 5072
67 81
42 7486
75 990
37 6545
82 15389
89 10971
33 10842
59 17380
87 4019
53 3839
73 7251
10 7285
72 489
67 136
77 9925
107 4599
96 7114
55 16848
35 9963
33 4111
13 3258
92 15441
82 8887
65 10300
90 18290
20 13947
73 7785
73 17851
37 11044
50 12869
9 4193
78 13677
16 12254
96 12464
86 17620
98 11270
70 5710
6 17681
92 4233
73 8501
77 5821
97 1414
95 16030
5 13229
19 18251
65 11745
33 17619
63 7805
28 648
30 5440
40 9194
75 2849
69 15771
56 1851
41 1860
52 6230
83 5149
88 3989
29 7907
19 11955
79 17370
48 12304
48 2471
90 18212
64 12727
52 14441
109 4065
7 527
97 18817
48 3542
53 4079
7 11060
70 8766
24 11405
9 14968
9 6533
58 409
61 1677
30 11295
43 18052
23 7243
17 9645
43 11781
20 3494
17 3899
97 6329
98 18510
27 17203
19 15139
19 7650
92 15669
19 7147
15 15721
75 1659
93 11415
27 14740
76 5555
25 2316
41 17258
78 11636
85 14547
16 1484
98 7704
103 5034
24 2349
49 6301
37 18217
18 8150
10 13622
28 14304
73 12222
106 16044
71 6778
87 7463
38 6871
58 8894
49 18062
58 7825
89 11767
17 1960
60 16894
90 6187
106 13058
11 12047
63 15496
107 15418
24 97
105 7493
97 13524
95 3261
67 6404
78 14164
20 5235
83 13935
74 17550
83 13819
96 15505
24 3905
33 6693
28 18945
72 6005
52 3257
59 10527
11 4328
100 17055
110 16797
52 2446
61 11627
33 8003
43 16033
64 5158
102 13347
51 13561
3 12928
92 5554
68 4441
29 585
12 9011
28 1149
105 7514
32 12278
5 5364
3 10325
17 13755
30 6255
5 5879
6 4343
73 14778
95 8828
71 155
37 2576
61 17291
11 13995
83 5624
109 11991
30 5697
3 1150
86 2694
99 10755
81 2152
93 18588
110 11125
13 9960
17 13184
78 15607
5 14168
90 637
1 4047
110 11110
2 2126
24 14158
69 11071
65 1586
30 9484
77 2565
44 12053
17 2369
88 16433
88 2431
68 3467
14 15305
33 8572
68 12795
66 13276
91 13639
38 10708
98 14574
30 17158
13 7894
78 851
33 1979
38 3961
95 8432
52 8027
93 13712
59 9899
12 1478
72 8661
98 13791
51 1880
27 9688
14 10280
57 15364
40 4125
75 7429
90 6067
18 9230
21 15459
5 2772
6 874
55 7330
109 9204
86 11946
9 5783
72 3504
83 16869
11 1248
43 1156
2 7937
68 3572
89 11959
48 7477
105 11018
81 11200
3 18771
2 4328
13 14197
55 17611
3 14099
104 15583
53 12054
103 4848
36 14655
62 12615
49 12987
45 1661
39 8529
106 18484
65 4423
5 16038
26 14108
56 12997
7 6248
68 18150
104 7351
14 12003
1 2239
83 5056
82 14206
72 11836
26 7912
20 5489
4 13984
28 8337
107 17359
26 5303
81 17092
101 13121
13 12609
69 7389
51 1058
26 1362
19 17241
18 11541
6 17142
94 3342
70 9224
69 13845
34 5153
31 5317
61 10260
51 7328
1 2973
91 4041
31 6775
102 16539
20 3172
64 2480
100 7020
43 15562
35 9747
110 12918
3 84
108 14529
97 2296
65 10451
100 13167
9 12257
87 1930
86 12719
79 10430
21 7888
69 508
109 16716
29 15738
26 14391
109 14883
98 16806
26 7423
10 13258
98 14882
100 13624
10 13837
9 7890
28 14528
77 7174
103 3216
25 10909
87 8131
50 4305
37 14957
110 13056
33 9707
9 8509
56 5898
1 18198
23 7473
62 12530
29 2404
34 11132
27 13378
25 5592
3 16070
12 13371
87 7829
25 3124
1 73
90 5976
95 1095
22 18260
90 17250
15 10474
53 12982
8 9736
77 15773
42 15021
82 2875
54 9446
88 816
104 6848
33 4194
8 3781
58 205
39 5397
59 15592
14 8290
13 4818
81 2268
35 14117
51 15888
60 15573
77 3742
89 15224
89 9743
60 18706
61 5683
75 9264
98 9868
97 1922
106 10766
17 2625
82 14059
36 1521
109 16592
72 680
2 9229
30 8091
94 15698
72 8860
47 1353
87 5733
86 14167
106 18201
4 15815
30 3002
68 1339
7 9338
48 4419
23 4074
85 17846
26 17194
46 3708
96 3747
36 1950
34 8549
52 3874
10 12040
102 10277
32 5778
71 14065
36 6023
81 16109
67 3152
58 17570
106 5241
4 13682
50 7193
50 1070
11 9147
65 14897
31 8024
95 12976
75 9162
19 14006
12 2696
30 15070
8 7177
21 15430
60 5056
27 258
109 2767
49 5082
53 3680
56 12250
47 2225
38 2873
58 7917
48 2662
39 11452
59 13017
88 8441
97 5569
20 3967
32 17297
16 7349
107 10670
62 14197
36 2778
7 4606
41 3054
76 4173
19 8430
74 2773
87 1519
107 10462
52 2427
55 6324
110 6871
19 11697
17 10663
63 5425
91 11864
101 9436
33 9848
81 2019
24 12223
15 18826
1 984
82 14448
89 9879
95 8388
93 16163
43 11652
88 16352
97 10903
27 14744
49 12051
78 8299
39 4951
10 18230
5 3399
97 4513
48 14809
106 17879
89 18350
97 16164
88 3765
86 5152
35 8710
13 11115
31 12221
1 8291
62 16169
92 18108
10 17440
40 441
65 11494
74 17118
28 12152
63 8909
84 7456
53 1942
103 2102
13 9340
65 947
90 13127
80 10017
105 9790
100 1711
62 656
8 291
54 14043
33 18104
48 1789
17 2212
40 15812
23 18472
25 3592
51 16197
84 14088
36 5737
73 2663
84 12335
77 14290
17 14405
45 15898
103 9097
70 17830
88 16157
58 2159
23 2666
68 387
78 8075
102 14062
61 16909
107 13767
1 67
101 10750
69 2936
21 17798
27 12335
41 4387
27 18691
17 1983
23 14186
82 15215
103 4815
22 10341
104 10931
21 865
61 16255
83 14187
18 13763
8 1073
72 3326
61 6390
67 7621
91 9443
75 13993
70 14510
46 17270
74 17381
11 9028
40 7325
39 5475
101 11500
9 14171
23 1753
77 14326
2 16983
32 4399
1 5664
68 15148
12 2033
62 9235
104 2022
54 18617
77 1939
94 10827
43 11306
108 8804
27 1733
37 12196
31 4259
53 8013
83 16524
109 16965
4 7133
106 11349
73 16308
29 17059
28 438
106 1434
10 8024
109 2991
17 912
16 14486
43 17473
23 7832
97 16906
79 6676
50 10959
84 320
8 455
42 9961
41 4602
9 7442
16 7398
61 7414
67 12487
9 7102
29 4903
15 17746
50 3324
9 16457
2 5126
36 7009
70 123
78 8231
61 10347
88 8691
53 8914
101 11338
32 6008
24 4084
17 1508
70 4244
30 6827
90 1136
52 919
46 11378
49 2724
78 4831
64 8418
17 13775
96 13956
89 16416
64 10950
37 1180
105 18857
56 7802
108 18151
97 9477
72 16739
79 16127
106 9203
108 6404
26 9594
52 16476
52 6999
77 9128
103 16419
48 16175
24 6648
14 6324
8 13968
70 18219
15 227
5 10447
65 306
31 6973
28 17780
36 4138
35 17665
6 17737
86 14567
55 9322
26 16110
108 1353
8 15202
41 10261
12 14857
103 5991
99 9526
44 13047
11 6713
2 2044
33 7450
107 5217
55 9498
44 13482
15 4872
82 8400
22 12002
63 16091
63 132
18 1076
36 18534
32 11071
49 6206
8 11947
80 18192
3 9761
20 2874
1 14459
42 1634
78 8786
48 5798
70 10191
101 18289
72 17354
99 16335
101 5760
32 16846
21 17984
70 15002
3 8320
11 16271
14 3538
88 5410
35 3867
74 9640
49 6604
24 12541
12 5588
72 15426
83 12953
104 13722
58 11333
26 18245
37 6970
80 2245
65 791
18 5722
51 10010
66 13676
57 877
61 9232
82 2455
3 15626
4 16305
108 3336
107 7516
48 11673
58 976
106 1515
99 6164
64 14587
28 13625
104 11282
9 3790
68 9862
63 11975
59 13850
76 13216
33 13823
108 5231
96 3482
104 6567
22 12593
79 7071
76 6839
65 9217
93 11540
43 14084
33 10178
9 2833
47 5243
92 11483
11 1587
30 1919
109 17923
46 4919
105 11246
100 8909
90 10379
7 1648
66 1565
16 10994
27 16408
66 9980
82 15302
66 18976
51 18970
97 11987
78 10213
77 8318
16 3758
34 13242
50 16073
1 11193
91 10481
58 16019
52 15056
26 18205
105 5441
44 11401
28 13348
68 4989
45 5538
2 14874
1 13584
62 7588
89 8778
42 4697
49 15331
31 15004
23 1081
7 1560
25 11386
58 11304
96 1301
68 1271
99 16783
23 8965
78 14586
19 1774
102 380
110 17862
38 11190
40 16711
57 447
89 5683
22 16089
16 367
100 18358
38 8004
106 6725
98 15306
20 6885
60 9532
75 1460
81 2990
22 1666
78 4052
53 5409
77 3079
51 5829
9 9086
82 7355
92 4446
71 2122
46 7370
57 4427
93 4705
16 296
37 5132
51 6541
88 15650
61 1324
63 14117
36 12815
43 14291
16 17308
64 4263
91 5180
101 14078
107 3861
49 7498
85 7825
102 2301
72 17790
12 11579
10 6905
58 6592
18 280
5 6312
13 10255
45 4089
4 16330
99 7280
17 18764
76 1161
31 15155
39 13615
45 3565
104 3451
101 14699
35 9388
79 5960
69 12534
76 9038
55 10685
94 11800
89 10559
28 5829
12 2990
30 11547
31 10919
33 4160
64 11680
100 12800
58 1430
37 2510
21 12804
47 18147
74 6059
26 16534
73 18828
48 14221
79 9814
103 10928
94 16992
40 8304
14 2526
15 14443
14 11539
40 1686
67 18443
26 6488
54 14367
108 18582
16 5170
9 873
73 16800
3 8439
106 16141
62 1415
101 14191
76 14393
37 13534
54 3273
68 780
52 12096
33 505
43 3819
13 15569
10 18000
62 2220
89 18790
48 6316
106 17984
60 18945
105 8939
64 11820
95 3203
25 15870
40 14129
64 2784
90 8223
74 17158
46 863
104 17146
45 17167
47 1438
53 10735
88 6184
1 2561
11 1468
87 2967
39 17534
64 10992
42 3995
19 3405
99 15047
106 1418
20 6372
79 9634
70 12494
43 6585
10 5756
32 13035
75 18389
108 772
110 9798
91 5495
88 1259
75 14086
10 15661
29 3383
91 11821
102 7614
107 17432
97 5413
57 6047
4 7559
56 1668
27 6445
108 18892
79 12264
40 4010
10 18020
77 8299
9 12224
67 13299
59 8017
103 11759
62 15662
94 5229
97 3819
9 14071
38 5781
67 14674
16 8146
20 12497
36 5254
85 1871
50 13125
18 10434
2 15128
27 13306
104 10850
41 2479
49 17958
36 937
39 1686
26 5504
40 13448
4 11042
88 7095
80 14355
55 12395
99 9677
80 17746
26 4219
64 16193
72 722
2 14940
87 6904
42 12610
85 8024
29 5550
88 13112
24 7760
54 2591
87 1043
30 9906
94 15873
109 11308
108 3395
7 844
7 15754
93 18980
53 6468
99 16941
96 6075
106 5724
5 12546
56 2973
105 15340
45 7511
106 5211
86 12524
23 701
15 8054
107 3061
14 15033
72 1813
52 2858
80 2895
41 10060
45 18817
52 3296
51 17322
93 13667
38 4887
100 12747
32 10945
96 13885
48 4157
7 7092
105 3186
20 17382
31 9488
12 14981
42 14092
38 4054
62 4527
68 7269
18 6674
20 18212
51 14465
61 13009
15 932
68 758
20 12534
79 3656
109 2326
53 12068
100 4979
70 15547
22 15792
50 5329
18 1005
58 5869
30 5885
21 10590
60 8390
94 9461
59 14195
68 16113
31 9420
107 4447
66 4509
100 6261
87 17618
19 11261
30 5111
55 17430
48 1539
55 13793
12 729
89 10475
87 1331
77 1144
96 12857
18 14605
3 728
87 8076
37 9620
97 16428
108 8495
95 3645
4 6277
47 720
84 16723
102 16941
107 2597
29 17922
15 2406
92 2156
72 8672
100 1242
97 18514
73 5988
15 15005
10 8722
106 12102
81 9456
7 5792
66 8897
8 7390
48 12317
110 6604
19 15617
4 13006
98 15623
16 8587
12 3429
26 8884
109 8584
7 12830
93 740
85 2023
86 7013
80 11722
3 4383
72 3747
22 11801
59 10641
17 2063
57 244
110 17676
64 8604
47 8281
26 11519
60 13727
26 16873
77 12982
105 5661
92 764
66 8256
24 8844
76 13197
30 5055
59 11764
59 836
91 17857
50 12188
68 11966
64 5947
73 9684
58 11535
96 15139
31 9154
7 6510
95 1884
79 15062
31 9470
95 14075
110 15800
105 4345
22 1549
6 7497
102 10661
99 6556
31 15297
41 8632
92 6498
1 4698
90 18624
107 16919
52 8676
56 3585
51 4942
31 13670
56 7201
41 9727
15 12567
38 13836
93 388
34 3538
19 333
100 14866
74 18642
95 13832
80 3123
100 771
98 16082
103 2295
16 4718
88 14116
64 16682
38 12018
106 4769
16 5827
75 9948
33 12192
97 12885
109 8462
96 18972
86 3143
6 6395
18 16596
10 9973
30 7203
8 7206
97 17960
109 17511
81 6486
5 10886
56 18787
78 4381
35 13818
41 11386
30 2143
58 8276
23 16155
12 10903
97 850
92 4992
89 18268
107 1721
34 18787
72 10908
73 5214
32 1288
18 6330
37 18681
37 3933
17 14778
35 5128
2 13064
68 1427
29 17736
9 8544
2 12032
15 17627
103 16390
77 15688
93 15036
46 2442
31 8605
55 13343
5 9918
77 10703
20 6054
27 11451
100 9464
9 6787
80 16858
69 3277
45 4141
11 14993
62 2019
6 1179
100 15285
101 16081
4 3743
20 14877
42 50
3 2058
70 13761
56 16572
98 9089
76 3774
12 11039
12 8187
91 10656
24 18414
82 17563
19 2080
80 14564
66 11791
27 9583
65 4317
44 5598
61 7087
70 2585
104 6286
2 10719
98 9971
9 18813
69 9289
62 5040
74 14494
95 645
10 152
74 7085
79 5865
23 10960
100 9003
32 18258
43 18620
97 13803
22 13516
78 17668
43 18631
49 5347
76 10653
66 8972
48 15691
62 14071
47 7528
64 10487
56 11877
90 6277
16 1707
68 673
85 17728
25 287
84 11348
88 18433
11 18138
100 11248
41 6516
56 7288
80 12539
78 10399
5 6216
72 7513
91 14682
11 11323
77 2027
96 418
106 17822
89 14701
45 10010
69 12499
66 1615
72 10289
88 16317
17 13039
39 2637
4 3976
98 8025
8 9647
100 16629
75 2798
28 15668
49 2112
2 5623
34 16010
68 13648
74 7483
93 5605
61 6095
25 9402
58 14479
34 6273
37 3593
109 10942
32 9355
62 6560
28 9928
29 17071
44 9068
9 1203
50 2029
1 6936
73 12816
90 9985
26 17165
74 1747
109 3775
7 3449
102 3316
12 11958
9 5663
102 7525
26 13096
86 18981
93 641
9 10944
102 7384
19 3532
8 13124
60 11461
87 5254
48 15283
62 2225
52 7747
34 15825
8 11265
110 1924
52 9429
61 15737
67 887
52 1943
49 10397
100 3765
80 1877
107 10148
73 10880
52 17895
100 7132
38 17245
30 8363
78 6933
87 7909
9 10769
75 15228
96 9450
44 15233
11 10647
12 13774
91 3261
40 3651
10 1339
34 11512
95 13044
80 11705
79 16225
67 8061
9 3398
96 4365
44 16010
19 2670
22 9761
40 554
18 7235
7 17523
5 2330
100 6606
89 8055
50 5605
61 463
27 6441
102 1080
7 12196
42 11470
101 18643
94 10208
88 16641
45 2918
12 4079
41 3874
33 11998
63 15126
102 11574
19 423
87 7981
101 6839
108 8924
71 9922
24 3747
81 11734
61 3926
107 7404
1 14261
29 10113
76 11824
71 1940
47 11540
103 14775
37 3948
78 2291
22 17786
101 17700
24 18751
107 11531
36 4069
34 17237
73 17557
109 912
44 17665
59 13859
70 6009
90 15309
16 15566
43 4365
25 8984
39 3792
94 17488
39 6829
21 12817
27 1735
44 5327
85 7582
64 7316
10 18403
41 517
48 16468
19 11763
48 6777
41 6564
59 8841
32 9148
85 14668
16 6475
63 16225
90 3559
25 10231
13 635
70 4119
13 17658
4 5281
11 18485
27 7403
52 8581
36 575
97 8024
63 13394
81 13398
75 16158
92 2909
107 13219
90 3693
67 6703
103 13614
41 3628
11 16045
99 2796
1 13361
91 18128
64 7082
75 788
41 10820
109 4628
107 14594
14 18145
74 16870
65 6672
4 8165
60 7593
21 15546
42 16752
49 11481
93 10822
19 12449
100 10485
62 1002
63 6987
66 16804
87 18742
66 6454
55 2250
83 2601
55 7589
72 13646
13 4894
77 17754
96 5484
58 4896
64 17778
82 17606
90 9226
24 11885
108 13132
35 10529
14 13437
48 3111
61 4008
77 7311
38 7828
93 18130
35 5203
78 17070
75 9820
29 9695
33 1308
13 562
6 9612
95 18096
56 13485
61 18320
10 9309
69 14959
61 18492
49 16265
46 6928
80 11392
23 14980
31 14168
72 3777
14 16099
100 14866
47 6969
36 10105
81 10924
93 8744
24 3862
30 4024
77 14072
58 13440
9 2186
89 9433
4 4849
68 5741
29 12914
24 6581
107 16304
42 18023
49 18275
48 12040
33 15420
93 1440
105 2538
80 10452
33 10682
19 297
62 18313
103 499
81 16845
31 5880
63 17459
14 13826
109 16611
75 10386
107 4679
40 7083
84 6911
58 3082
75 7041
14 7057
54 11479
12 13292
2 18787
43 6304
106 2732
12 1445
101 7348
48 17655
12 471
9 12194
66 5520
10 16599
70 10502
24 2878
26 15917
5 17967
68 18991
57 186
20 8751
14 7760
104 1377
4 5727
23 5474
14 5033
36 15125
84 2445
45 8854
47 5426
25 2426
12 600
106 940
61 7737
32 3175
105 11059
80 5763
39 6110
6 374
99 7214
66 7568
104 13495
41 1824
109 15688
35 17685
20 12735
46 12119
108 452
48 14603
77 5340
39 7461
104 2053
52 17920
13 1362
6 11349
16 6844
20 12173
78 13960
19 18980
76 7376
52 14463
43 10125
58 16147
69 11990
72 1467
48 1877
11 16432
91 3151
4 13794
92 5996
11 14791
96 16410
49 15880
21 4663
71 4719
51 16226
12 14852
109 18113
64 10982
38 15099
8 2487
108 2375
57 3608
12 6621
56 3093
43 14895
74 16806
27 8550
23 15024
52 3599
6 16603
36 11274
58 1229
60 15804
75 4192
78 5658
4 11582
31 16948
28 15261
53 15294
51 8535
12 8587
97 14844
68 2728
16 2701
75 2961
85 8853
11 14460
76 15972
85 3291
100 16222
95 9545
102 18683
53 6695
31 3411
75 5647
106 15881
26 9636
55 14074
74 13943
76 1392
64 8428
79 3490
81 1324
76 16854
57 3328
82 15265
58 5581
56 1363
23 2242
11 16968
98 8069
4 4826
29 16923
38 12770
101 8024
3 11473
94 15756
59 3041
57 17126
93 4397
21 16673
44 14324
68 15608
52 6881
48 3162
50 8442
67 10047
21 1285
84 4517
60 12890
34 566
101 1342
32 3027
55 5752
48 6980
23 12957
33 10808
78 18258
70 6670
12 7969
80 2337
15 2061
88 2028
104 3055
25 8751
109 83
4 12658
7 16989
12 16157
97 18541
97 5239
59 141
48 12129
51 6166
44 7239
97 982
54 2895
22 4661
77 8091
24 11465
109 15011
91 8862
52 4322
10 17409
89 12294
12 15966
88 1797
68 5930
27 17207
5 15428
1 8932
56 6371
101 2154
85 8099
65 1450
32 9790
61 13813
106 7832
40 8204
107 2316
43 14540
67 10381
52 8443
19 2614
73 11109
12 12094
56 17153
16 4218
8 12199
88 1902
71 5935
67 2459
63 2693
107 1585
42 18234
94 3745
85 15236
78 11110
5 2787
37 11327
52 14467
39 7990
89 5587
17 12924
18 7227
101 3784
45 17868
83 5259
93 18237
30 3809
3 12446
82 12243
104 13030
88 13359
77 778
6 3766
35 11808
57 214
30 15314
110 17883
109 10667
66 8052
20 10613
81 4150
48 11505
110 18670
55 6863
2 13631
62 9320
20 18411
76 15378
88 8045
1 14930
13 18636
80 4100
8 6134
85 2888
52 17355
85 18847
81 6052
64 1814
46 7652
25 338
97 919
109 11976
45 11106
73 3504
6 18242
97 10113
102 2028
4 18099
76 11681
87 13698
56 17190
81 3891
57 16246
38 1314
83 16084
13 17532
79 2660
7 8683
59 1563
35 15619
41 13324
13 10033
103 12294
46 6216
36 2469
18 8065
57 16161
7 15250
106 363
37 9656
79 918
37 5801
33 1397
101 46
96 18021
44 5467
62 5099
74 47
72 7334
12 15422
6 8879
20 1811
33 7792
65 10798
43 16328
105 5601
81 11343
31 12174
91 17235
26 17401
88 10586
34 951
57 10719
92 15780
91 17611
99 206
38 16686
47 4880
7 1780
29 4983
75 17129
33 7704
29 4687
22 4913
84 14799
16 177
89 7181
99 4772
21 12476
28 8302
47 13751
28 1278
108 12227
86 18616
49 2834
95 14817
70 6533
100 12137
80 6100
80 5493
31 1363
45 9985
76 8499
86 9145
86 7658
28 14763
103 17305
81 15547
103 13550
35 15888
34 761
95 49
78 6575
64 1216
68 11939
73 5923
60 3728
107 4547
13 3015
95 5552
17 3488
94 14784
41 59
40 3674
94 7493
5 12694
25 3617
52 17249
47 7632
80 14217
12 16524
34 15574
90 18751
27 15182
85 16514
21 15141
65 4751
41 4497
42 3255
69 1120
86 10435
42 1703
103 9260
33 15595
71 1119
85 164
17 13654
84 1598
79 8208
71 7521
53 9863
86 17073
69 5937
43 2126
28 12443
67 2641
5 18763
44 9280
106 5998
78 18968
51 18389
12 7462
101 7219
36 7446
28 8541
54 12498
60 1330
87 15721
18 4491
103 7809
62 14147
21 12161
31 16496
105 5634
71 10018
66 12313
56 16083
51 3448
105 11537
47 11078
55 8562
101 10832
34 15145
107 8509
70 8102
70 8919
89 9471
86 18861
86 14871
9 1811
43 2447
31 6646
83 16600
8 14182
31 3689
30 11917
18 2186
22 13493
3 13004
77 668
48 2022
92 7056
16 3016
9 18458
38 3762
80 6479
64 6742
83 7440
13 14569
87 15181
77 1936
61 2859
43 3196
9 12802
31 2055
7 9655
53 5758
103 15568
97 14978
101 9363
101 17996
9 18002
44 1317
65 11782
72 10766
31 6493
63 16058
105 8173
36 8405
40 7804
20 17146
33 5888
75 16872
72 4028
42 184
59 5644
106 1583
61 15268
49 2439
26 10135
29 7362
21 8609
11 8682
18 6375
60 10107
44 18897
76 14340
83 13859
76 18591
76 18116
80 3627
81 9304
23 9405
3 9811
87 4971
54 16398
16 10628
29 18454
89 14139
47 8746
35 2710
49 15200
98 16130
82 11964
39 295
44 17197
3 7190
14 10834
87 14775
28 788
18 14645
42 14781
45 5895
33 6580
48 11415
34 16629
101 17024
55 3525
78 5590
15 12577
5 17918
98 1158
3 977
74 14053
101 6691
16 18201
71 4378
82 8607
59 567
1 2657
57 4568
51 17457
91 6169
109 8095
63 8820
79 8995
44 14148
6 5196
41 15198
109 13579
1 16793
80 5224
2 9464
50 3793
71 11720
97 3011
17 18790
38 10229
74 13799
28 17716
22 2698
67 2706
104 565
43 14673
83 1206
38 18651
96 15086
19 11519
73 1407
89 15578
50 4464
93 12117
86 2758
36 1562
98 13021
48 11525
33 9691
6 4915
9 15188
33 7018
20 2893
38 6742
50 4597
33 4526
56 16274
87 1833
60 2395
35 16341
63 17295
15 13060
107 9532
32 18384
108 12871
28 1829
58 6588
71 16802
35 8569
55 8458
96 14154
27 10520
72 15791
77 4516
88 17653
97 6041
3 2462
105 18613
37 7389
1 13919
37 13646
14 12020
61 7297
35 2066
13 16067
110 10030
109 6210
12 13998
45 5252
65 3889
89 3073
36 11203
26 11733
63 231
99 1164
1 3083
22 2247
93 17746
71 16274
40 6408
107 2686
55 15911
81 9337
80 3247
87 12125
79 9844
59 18767
20 3435
77 4214
9 2972
77 9165
21 2889
65 12508
44 12306
63 2445
82 14473
96 7501
69 5377
25 4996
12 14128
4 17461
107 15021
27 74
77 9726
30 4823
99 11367
67 1456
25 8101
96 17593
20 6448
83 11470
12 7871
17 15008
65 18510
50 13221
83 826
98 11665
88 1260
95 8356
90 7376
44 15034
51 9868
61 15700
63 13156
33 10726
68 17034
4 4227
4 4869
91 10503
35 2940
8 720
56 18108
87 2315
93 15473
60 2703
59 6552
82 5293
102 16929
6 17092
9 7636
109 3039
85 13716
87 11573
107 17851
62 5667
28 9501
38 7259
106 1473
5 326
59 2948
91 12144
56 12117
47 8622
93 10779
75 3833
23 6882
109 15435
49 15839
101 2885
83 12785
76 18183
53 16640
82 3245
101 17718
67 7408
13 6599
97 12868
41 690
89 2815
17 554
57 2235
99 15221
10 2087
4 17028
14 9452
94 15226
86 5449
24 6427
16 11977
75 12264
104 18865
62 2639
19 1280
96 6572
57 14797
91 12445
15 7615
74 7051
90 12076
108 16377
94 17594
14 2513
101 16819
58 4087
92 15787
21 11884
82 17915
106 734
47 17850
96 16344
68 7486
12 3028
61 18452
80 7505
93 8212
75 15759
31 187
35 12551
57 18562
70 9504
87 15691
97 13702
77 16909
90 7855
48 14795
90 12108
57 14985
18 1084
50 7917
89 19
37 15173
109 14285
5 15048
21 4715
31 15824
6 4012
85 7957
107 9822
58 6203
37 4327
26 5577
83 15629
92 14272
21 17701
61 8003
105 2021
25 5848
97 10885
42 15492
107 18207
70 12522
10 7532
35 3634
26 9047
25 17733
19 3184
52 12510
63 16222
24 7875
38 12673
13 15344
3 11404
109 11998
41 5789
105 1592
43 3507
80 9916
39 6942
100 11094
28 14736
100 3416
37 5487
80 9083
48 6410
72 10685
8 5187
90 6127
96 10923
41 878
59 9316
104 13058
73 7933
17 6563
8 8874
39 4918
104 10186
14 13880
85 6962
61 1083
17 12272
80 4805
81 10146
8 6399
79 1406
23 18779
58 11449
102 6246
20 8160
105 16960
97 13167
62 4346
35 11210
52 11375
57 13539
72 3894
40 15575
3 6971
32 10980
7 10492
32 3350
68 5809
86 5809
109 6531
40 7565
22 3353
68 7367
48 6083
90 17275
85 451
7 12618
83 11679
61 14746
56 17617
68 14722
23 1814
65 10730
78 5221
13 2380
77 2858
43 7593
79 3028
2 5260
76 16238
89 9271
101 8403
71 12385
30 3433
21 11081
45 6207
53 2508
77 7577
89 17347
88 10775
52 7252
86 12374
41 11194
26 12506
43 7215
107 13043
15 17783
89 2077
101 3525
38 2001
67 9261
99 4112
80 17931
57 16357
41 7189
92 8355
88 13115
50 3339
94 8481
77 14817
40 6586
21 14883
102 11304
71 18239
49 5172
35 3490
11 798
98 8905
61 1992
12 16005
11 14392
58 16675
33 8790
90 15517
46 16856
84 5316
61 11545
70 11514
34 862
33 11732
1 3343
62 3169
63 14173
7 14219
25 18334
47 8048
53 9637
107 4934
32 6735
33 16696
74 14487
93 2088
41 5914
75 3935
98 7056
20 4159
38 3239
83 16241
20 10752
45 16279
39 5386
53 15161
16 2401
107 14449
66 4248
56 6781
8 16859
94 18821
107 13820
96 1898
29 2124
14 3625
86 15088
29 5477
7 3677
54 16924
96 9785
67 15436
86 15882
91 14376
66 5732
2 12918
48 11024
95 9066
43 18196
70 18070
17 18723
110 17033
1 5264
70 2649
34 7968
94 9353
51 15359
20 12641
88 18376
67 4720
78 1523
48 49
96 2727
33 11445
44 11428
73 13594
6 14912
25 17312
32 16839
98 10114
39 3235
84 16613
105 18311
46 3185
77 972
57 14145
45 16894
32 16744
110 6010
99 4246
29 11054
35 11291
65 1817
15 18492
85 12266
51 7164
56 11775
75 6446
100 6381
22 1123
97 8886
41 1198
4 12163
102 455
110 9833
88 18312
83 3539
37 10555
46 2909
64 6713
26 11002
49 3026
1 10003
63 16565
107 101
98 15087
26 5305
97 17469
33 8281
6 7990
42 13974
34 13055
79 9256
24 5570
52 6006
50 18689
65 17509
64 13840
84 12185
97 16246
74 10091
37 3975
45 2672
102 5214
85 3069
14 11769
64 11856
3 17258
49 1784
62 15978
87 17813
41 7501
30 18381
37 16184
52 5095
15 16906
40 18817
88 2932
7 6026
66 4792
50 4051
39 8839
16 3383
77 11073
41 2275
97 4308
70 15069
31 8759
105 15851
75 8717
64 12428
34 8482
5 18853
50 14732
23 12613
33 16675
84 17082
7 15273
86 13609
95 8335
84 6748
6 18673
82 7153
5 8616
34 16078
95 16299
32 6658
22 2748
71 18896
20 14092
8 705
29 1523
97 9631
12 1955
91 6844
61 13178
51 5634
38 16406
33 12634
71 18492
52 16409
28 10567
46 14626
93 3631
94 13497
31 9733
97 12192
14 14691
67 10753
87 8765
105 9637
110 12187
35 7145
40 407
10 8669
39 1840
96 8744
9 11846
89 17071
79 1593
35 15902
63 8472
32 13931
104 13619
75 12159
35 14632
48 8029
3 9417
45 114
55 17654
83 2777
22 16563
91 4250
73 17592
104 7589
30 6943
14 11509
49 4935
75 10928
8 3474
95 4639
108 8584
92 17275
20 192
16 10527
55 8874
57 9690
72 7526
37 7197
37 17964
48 6300
58 1978
22 4024
81 15599
12 16816
67 1740
103 9529
45 6474
37 11027
43 7894
28 15862
14 7207
62 4204
52 3195
50 1848
59 240
17 9767
90 17307
87 481
108 1092
53 15680
68 2454
59 14858
104 5362
66 17296
79 788
64 2375
40 3412
66 14077
86 681
42 10467
34 6774
82 13488
70 6375
89 1688
88 13968
63 3353
50 4575
89 8052
39 6093
10 5896
110 3207
99 6225
103 6199
61 4576
33 18928
2 9502
91 7628
94 13485
73 661
50 14524
77 13540
26 13752
55 17086
101 2106
21 10853
100 12762
89 16270
58 12030
47 2991
49 12050
41 14351
8 972
106 16892
4 18684
37 1980
91 14883
54 13083
61 7689
94 3789
23 8403
24 9147
108 1052
73 12502
15 1236
37 12390
20 9763
86 7188
31 2070
103 7893
13 5334
86 7311
6 8095
83 2201
1 5618
90 16929
45 3334
77 7535
89 4842
29 170
91 18233
97 2066
75 3002
1 2432
16 16035
70 17175
106 11548
105 13935
47 8583
40 7777
75 4828
3 9219
105 4131
93 5601
50 493
7 16753
8 1032
4 10423
106 422
8 456
81 5882
81 1527
53 14468
50 775
42 14300
79 9601
39 5608
99 1343
23 18275
48 10063
65 4065
76 9844
47 17985
18 481
57 15824
95 17566
34 9919
76 11486
72 17257
8 787
77 3515
93 5738
30 1557
11 10213
25 14022
98 10950
44 441
25 5886
6 13412
37 9183
110 17654
62 4292
19 9543
9 5309
57 10740
25 3058
75 18185
43 14729
61 15874
88 11924
85 17567
37 3037
2 16018
81 17432
36 6640
43 3368
71 17065
67 5217
37 16491
110 6758
107 9676
90 13836
46 9962
107 953
8 6856
54 10786
23 18452
42 14781
84 3744
5 18954
103 3529
43 17380
16 4035
15 551
90 15824
9 1107
12 18827
48 6711
95 15858
95 18326
102 3242
15 10839
19 4934
79 866
42 2534
42 1764
105 5844
29 18006
98 14090
35 11403
31 8568
96 116
48 18803
32 885
50 16192
65 2076
96 1673
96 4829
67 2236
79 16987
12 8218
73 10830
67 1596
57 6643
8 11095
64 653
108 13258
80 10759
13 17945
76 11423
59 3204
77 17272
41 9116
22 2834
100 147
36 16120
42 2273
48 15480
73 488
94 2256
59 12520
7 13947
95 3676
33 11189
61 8699
75 460
2 8461
27 8131
34 1832
80 9928
79 3136
108 3397
86 16700
8 628
13 2998
59 1121
38 5791
59 4998
16 12124
35 13791
20 11148
101 15429
81 4333
36 889
106 17226
1 1197
93 566
16 17121
18 14821
48 15453
55 11982
75 16039
36 14344
20 9943
45 18221
100 10994
94 1686
59 12680
38 13684
109 3534
31 15735
81 4622
82 9323
55 14566
50 11841
34 5665
73 10294
60 5298
62 4738
90 14809
22 2676
102 7381
101 15927
110 10380
75 5980
35 13870
81 9995
50 10367
74 12584
56 7164
28 18653
48 11950
19 6882
29 17287
75 15191
76 17280
61 11248
74 13579
48 6721
52 18783
45 10223
49 6766
64 4495
41 3238
24 5767
81 5206
7 5933
15 17069
57 17106
106 15785
25 802
91 3513
2 725
67 11575
59 13401
35 2848
26 7713
50 7544
3 9449
48 3342
49 14238
51 3338
78 8406
81 13985
39 18465
88 11158
10 16185
79 14018
54 4113
34 7057
17 653
37 13488
41 2222
62 13628
81 14516
43 9589
59 8220
75 10923
89 16036
50 14487
94 8028
12 7117
27 12665
88 13473
99 10430
14 15291
78 13137
88 12503
42 3161
26 9732
12 6803
32 8428
51 14950
96 3998
14 7961
88 18837
36 6127
31 12552
96 10792
31 7920
60 10256
63 15007
69 5340
10 11102
53 6990
12 7175
34 3857
66 1165
12 17656
87 3143
102 4645
63 13956
27 11637
88 12266
75 16234
70 16000
68 15747
26 11882
103 11866
68 10585
1 16168
84 4999
96 7416
92 11181
106 2677
64 4040
105 7
13 796
83 16854
7 6422
13 15950
46 12928
29 17131
38 14781
37 1144
41 11555
6 17179
44 9686
26 5421
29 3017
108 17893
49 17122
40 7755
98 1893
66 13682
101 11046
44 13439
91 4326
38 10782
67 14620
55 8174
84 11939
94 6432
24 13650
58 14842
4 2652
34 6426
90 12633
87 10043
84 11139
44 5543
53 6707
42 18509
23 4605
24 12842
85 4919
18 17750
43 10071
50 481
94 18736
8 4089
26 1408
82 3161
45 16045
55 11268
32 9278
66 2719
7 9846
90 18368
9 14221
50 6026
55 5575
57 16997
109 11660
95 3068
77 6855
12 13782
74 9022
39 5005
14 12848
68 15953
13 15786
61 1813
20 3602
22 12433
18 4740
27 17961
69 14584
33 8663
11 7490
24 18638
51 18887
10 13957
33 13065
22 16678
31 17936
23 1389
2 15005
36 4056
98 14733
65 17428
60 15945
50 12491
63 15049
60 1475
32 13883
91 585
91 16234
28 5381
80 5853
100 8562
70 18392
17 2213
28 4503
66 14002
41 3755
61 2412
42 11521
51 5282
56 17054
109 12810
14 18219
33 18761
53 286
90 6750
83 1255
106 12629
91 16613
87 15042
106 2108
64 4054
35 5176
68 18616
98 2366
2 17320
49 11653
62 5412
62 15874
71 7324
85 12017
1 5000
61 12088
32 13916
50 4821
91 13518
24 13057
54 5846
32 15388
24 17632
61 10359
61 877
108 18432
77 5234
79 2811
37 5520
61 9334
43 449
7 10851
94 13824
13 7026
32 15656
91 8616
26 10665
28 18314
4 5461
47 7951
104 14387
50 3976
76 5390
39 4529
4 12965
55 4132
42 17986
51 10481
6 3005
72 14205
31 9939
96 12513
38 10528
78 12603
33 4202
38 3324
99 286
28 207
37 5436
82 18288
29 1300
17 14517
87 9753
69 14797
62 14855
103 14121
15 5174
11 9100
33 2162
93 4040
33 14607
65 5950
39 6013
58 13624
63 12595
5 2200
98 18034
26 5531
20 14064
30 12894
14 13033
78 17415
84 6998
12 16610
39 1568
45 6874
56 9011
65 13771
106 1684
100 17822
83 4008
81 10876
57 440
76 3178
22 438
20 7125
59 15437
37 14379
48 4405
12 14298
83 13636
88 13498
28 16698
53 1372
95 18365
55 15363
10 13270
69 16765
63 14996
5 10916
3 8366
92 11606
94 6283
67 18588
107 18971
48 16659
66 17760
39 18955
108 10776
90 7894
66 3223
92 15216
101 13197
73 2552
100 5275
110 7329
75 14212
26 9793
41 6918
21 3533
61 5969
48 3198
25 3698
83 11537
110 16534
88 15965
70 15037
3 8599
93 16512
18 9777
16 17674
47 7777
82 8392
79 16082
54 9654
22 13549
57 12156
36 1350
88 2603
76 13030
44 15019
57 11244
54 13526
79 2991
108 5048
91 15527
45 2225
76 7957
31 14928
1 17276
75 7356
62 2203
92 923
7 7717
36 18141
19 14012
67 3092
99 7917
107 8801
20 1709
27 15026
90 8921
69 14594
61 217
5 14971
47 16102
84 1669
73 14190
68 13207
39 18171
92 6355
46 9209
105 2141
101 8766
7 9031
27 16140
52 10413
36 13658
77 15993
83 7879
90 14071
91 6641
100 14635
101 1033
63 15087
92 12539
59 4736
66 3239
77 11223
43 9168
40 5183
47 16661
91 14071
75 12953
1 7897
27 5730
40 17162
16 10057
101 14200
18 12988
8 12995
70 4079
110 10976
8 15958
55 2026
48 14802
93 3784
7 5506
40 15133
61 2973
102 2992
103 17347
25 2072
103 13948
55 2195
109 9260
9 5812
59 5270
67 3360
15 11336
48 18704
37 3944
19 10952
76 4045
98 259
30 12816
2 15719
52 14755
4 10916
82 16764
54 8989
52 650
79 11714
43 14291
108 18498
21 11809
92 5115
48 13039
74 16552
32 5853
38 15453
81 11412
58 2181
38 12665
108 18571
51 8909
20 8803
18 6063
35 17181
108 7940
90 1034
51 7230
48 7851
45 4918
43 9703
45 4916
69 12142
93 9678
12 6196
77 10122
3 5121
34 5677
51 2644
94 6791
43 6147
91 8853
82 17182
25 4681
18 8702
4 13139
34 3072
4 15911
38 6733
8 1888
21 9929
99 18694
33 13743
87 1324
5 18813
100 8562
25 5549
110 13140
42 5848
99 1114
92 10121
93 5305
15 4658
50 9406
13 8802
32 15669
5 14653
98 16482
16 3437
51 8486
7 17272
40 560
51 15461
1 7549
105 14222
83 8209
23 5618
75 9887
92 7079
20 13016
87 2936
110 17313
45 7751
59 1039
34 13600
53 16139
81 7571
3 7042
62 4453
87 8043
102 16308
6 6721
97 2116
25 13200
68 16898
45 16426
69 18604
24 11476
5 10533
104 1244
54 3038
78 18706
69 8136
19 5991
83 14392
50 3615
27 2636
104 14625
66 18293
22 5298
35 17743
108 18726
41 8813
105 7403
76 4715
15 7180
7 8732
17 9712
104 15335
27 10455
71 12439
56 13778
62 7107
41 2529
108 929
14 5292
59 12253
25 18721
74 7570
76 12762
91 7121
32 13092
46 18178
104 13719
15 2209
89 7942
69 12298
46 12425
83 3472
11 8507
80 14131
3 14424
76 1519
60 799
20 3971
52 14427
89 5853
72 18295
105 3674
104 2245
17 890
69 3233
49 4257
79 15294
22 13313
33 3481
86 1302
20 7177
78 14751
22 13611
77 12887
29 2165
61 17555
10 15120
97 16176
107 1166
18 10255
61 12955
110 2758
60 13591
91 15752
13 15865
33 7326
49 11224
84 13720
97 4502
48 6222
79 17697
89 9828
95 8708
23 13885
51 6771
87 5622
79 11001
72 3029
40 15801
95 14014
92 8184
99 18409
59 7120
31 7944
95 12087
33 990
7 10293
41 7303
59 9172
14 1225
9 9029
110 9723
51 6577
89 16973
28 3882
5 17745
64 16029
80 14175
38 11282
98 17472
51 17282
85 6502
47 10278
91 18927
93 17695
104 9446
110 9701
10 8753
37 4270
3 2358
103 1414
5 11567
83 18256
109 4294
16 1210
32 16608
21 12578
55 18418
104 617
62 6007
45 10846
9 7035
89 17324
94 528
5 15567
52 12448
35 14339
26 17126
72 13459
59 6834
93 6889
16 14160
27 10254
2 14673
11 4272
79 1533
49 18835
99 18367
104 17409
15 11104
41 13131
79 3307
54 917
56 13415
60 5555
33 10044
25 7393
88 4261
93 1483
86 11219
84 11963
48 3574
73 4022
91 1308
91 4538
38 7757
103 8313
70 7137
43 3847
103 14957
60 14854
76 4548
48 12906
108 3595
6 92
64 11493
68 10269
42 15203
10 710
28 18424
101 1272
27 14267
45 9595
71 10166
84 5657
11 5546
63 13825
90 15108
45 10252
3 13469
101 16220
28 3396
41 3730
62 13129
65 17812
56 11391
17 11085
79 11372
109 412
80 6472
77 10362
46 9282
40 13461
2 4267
85 15444
65 15054
1 15047
106 11502
92 751
23 5919
9 886
100 1350
91 15318
19 5001
82 16961
102 4500
52 14840
50 4859
35 10523
38 14011
54 7859
15 2332
15 864
27 14032
41 2166
84 2881
100 18259
6 16725
5 16950
32 2656
28 5548
107 14583
33 12289
33 10686
96 917
7 3832
35 7111
25 4031
72 2699
86 11293
73 12
93 9619
106 18402
73 15550
96 1420
18 13964
58 8065
65 8354
102 11690
46 6867
30 7439
100 12732
4 18564
44 13876
38 17527
51 8829
10 1340
103 18513
104 18847
46 18795
100 15971
75 18585
9 6007
26 16739
57 9682
60 2653
96 17006
39 12669
36 6201
37 1534
75 15415
4 4969
51 2866
62 198
102 2247
107 3977
102 5101
69 4252
32 2852
15 11506
70 8299
64 2004
55 12245
17 14225
48 4920
95 5876
4 8824
69 9440
68 6677
73 14400
59 981
14 18491
72 4642
23 18892
108 7436
14 11377
42 16907
54 13389
43 10756
8 11300
97 15723
76 18714
63 371
87 17235
96 10142
53 7321
91 13714
25 8556
79 1905
20 6847
15 11196
75 6073
41 14307
84 1958
19 426
80 4441
14 13136
38 13045
11 4659
70 11904
104 6617
40 17274
51 17386
110 685
43 16980
27 9629
93 18810
88 981
50 17866
81 2881
84 9251
48 6790
26 13179
37 18595
30 13817
33 4989
24 13425
80 2762
68 3147
26 12100
30 4033
32 12004
85 1133
78 9309
1 17626
66 9640
71 12566
45 2613
19 18966
22 15933
93 15408
2 6566
100 6887
13 12994
93 14477
99 2510
105 172
66 13702
70 10201
77 3005
54 17903
18 8054
9 1424
42 9564
7 14577
75 6523
91 10121
37 12168
21 5120
68 18391
102 3605
99 1809
50 18117
107 6784
19 10872
54 9495
79 13784
60 12593
107 567
3 18301
95 1005
75 17479
59 1615
44 484
66 8159
14 9034
32 3478
86 17244
97 7351
22 13614
19 6167
93 347
52 13009
5 17862
32 7448
24 1069
100 14336
91 10928
31 11898
58 14036
109 12989
86 14523
46 6262
43 1763
6 9145
53 4186
45 10836
94 17965
76 176
75 9770
11 14987
55 17778
85 12090
89 8977
74 12468
76 7746
81 9785
76 14273
17 7386
22 10658
46 14114
20 14545
109 2080
75 2145
7 2687
45 11581
68 5457
16 10699
107 11414
63 5236
71 6391
75 13040
94 17953
99 13220
90 7050
64 5572
16 12777
46 18465
101 5977
63 8462
22 15227
13 9039
70 2751
104 10580
105 3116
68 10397
16 1148
80 17032
4 4100
41 16790
52 9185
23 15016
92 14829
97 9168
51 17793
79 12171
20 1374
24 7054
25 13299
44 18287
5 5800
59 8624
7 15823
104 8750
2 610
76 13774
2 11605
93 14458
97 6973
65 10942
102 15309
82 11136
31 6321
99 1805
54 18525
6 8385
8 3830
52 13974
66 15014
66 3277
53 11967
93 18473
103 9544
36 13707
18 11611
100 13633
40 9760
20 15953
40 6660
14 8051
15 11905
14 2860
15 5794
9 7738
84 13612
10 10486
79 416
79 12852
109 6593
23 17827
79 13206
25 17474
57 9578
9 11397
27 4536
52 13772
83 8233
36 4525
62 7520
41 17536
92 14628
103 10413
84 10332
104 16354
50 11822
30 7478
2 18990
109 1344
30 11730
17 8507
70 4538
70 15408
64 2613
4 18147
13 14898
25 13966
68 17056
69 16919
62 9642
55 16662
51 1803
34 10194
70 12794
83 13062
38 6981
19 4491
98 16198
82 15640
57 3534
41 11645
102 3821
78 9955
13 3340
33 11966
29 13497
91 17147
61 7821
105 18795
88 2582
92 17489
40 6776
55 12432
62 14229
52 15838
42 15210
92 8544
88 6443
24 3609
26 17723
39 5466
33 7904
106 10221
75 3305
18 8690
41 14223
110 6799
41 1510
80 18026
53 9302
83 16204
87 14696
100 7244
12 15597
29 13624
1 17777
22 17889
101 5405
31 5107
49 1828
92 16298
47 3679
100 751
8 14679
52 13981
64 5990
17 12194
87 8283
11 5526
61 11288
66 10549
79 1942
68 9799
77 1249
66 17759
36 2757
35 1829
69 10504
32 13326
67 4058
109 2513
106 10842
34 13435
63 15142
1 15354
14 12165
48 10548
58 9394
25 4156
104 9307
13 15422
1 9321
85 9850
45 11181
9 7006
89 12481
63 16637
64 15576
98 14798
4 12736
70 1850
70 11109
83 11358
13 15447
83 3497
60 9778
8 17816
75 8520
61 922
30 4191
52 15939
7 8798
65 12346
73 7350
85 18794
14 1998
67 17337
94 5393
31 14609
77 16558
85 17944
31 726
18 7432
6 8127
87 1298
78 17985
84 1340
5 4866
18 14858
22 13180
17 4652
10 7647
49 635
95 14385
72 6229
14 7403
61 10628
70 4634
12 78
87 9117
41 16429
100 11666
1 17586
93 3805
46 1098
52 446
12 14864
51 1793
28 12482
3 13445
28 9119
77 6586
102 1328
55 10158
16 17035
75 4483
58 10078
43 14935
101 5030
50 13457
3 18426
71 13581
93 13346
90 12491
46 3902
41 8242
39 135
24 5119
16 8750
7 4570
82 17253
60 3951
35 6199
60 16992
100 9975
102 59
31 16702
90 16745
5 1364
65 579
92 8522
28 9637
85 6350
92 11821
60 2382
104 4588
68 6441
101 315
86 8423
59 6571
91 1106
109 1853
87 2972
67 2910
20 1183
47 11303
100 14011
21 1064
15 8046
80 18164
31 10274
37 12765
100 12288
22 3409
9 2737
14 13163
105 18312
43 14705
74 5963
35 16969
61 3806
26 8201
87 2562
98 10528
21 13501
106 3739
3 4793
13 14544
33 1934
41 1494
88 283
4 10216
40 12374
26 12228
86 14886
71 16833
5 467
60 8858
48 17001
13 4987
87 1428
51 9331
14 16580
55 14653
28 14178
103 14535
13 4858
61 15758
16 3022
29 7919
53 181
69 301
59 13487
38 5379
107 896
105 5692
32 1794
105 10247
81 11248
107 589
76 15101
88 3589
27 3578
71 9540
30 9332
74 7210
20 5912
29 11863
51 8020
47 3238
89 10309
62 4294
60 15303
30 13178
37 11791
3 5326
57 1242
89 10552
101 613
56 2769
80 1253
34 2159
51 192
41 17914
101 3613
54 8478
61 2432
64 8727
35 18662
14 16635
92 16671
4 2046
37 13578
52 5434
4 5040
22 17189
58 884
5 13455
49 5720
5 637
106 5871
92 5958
104 4588
40 17387
43 17588
30 7053
1 11037
36 7225
30 13047
38 2508
58 3564
49 15729
46 11395
45 7225
71 13904
106 17799
38 8327
54 10780
38 10791
101 8515
78 6891
37 17692
27 7370
46 14892
91 1278
21 10854
74 799
85 639
95 469
34 12011
109 7076
54 16850
49 17268
109 667
64 498
98 1141
92 16101
82 16666
70 16100
38 16237
32 12660
20 13570
101 8728
46 8355
55 4775
30 14920
41 3526
63 18603
12 4101
38 2203
23 11155
37 3338
23 13527
28 5780
66 4912
74 355
55 12810
67 5085
61 485
61 3084
55 6156
33 8461
105 13475
47 13177
62 1388
54 13525
42 10074
62 13852
71 9216
88 16930
44 13999
30 14403
7 3560
6 12048
71 5278
5 11007
89 5486
42 14169
105 10233
63 239
63 15076
72 6866
70 2976
31 12453
2 12700
30 17670
74 18
49 17209
86 4911
80 9325
53 6387
104 4324
94 3501
45 4887
55 18188
76 8057
45 10239
84 13469
101 18344
75 16757
28 8655
54 2445
53 11202
4 13952
88 2261
49 9003
98 7310
60 3222
8 14521
100 15895
33 4585
43 10675
33 2577
12 389
37 3416
32 15667
13 6626
97 3445
76 10115
67 6290
4 4376
15 3725
88 11321
3 13847
43 16758
22 3253
99 17395
84 8516
96 1774
19 4595
3 8752
18 18962
66 2075
12 5556
78 12153
58 17620
15 9841
4 565
11 642
19 10706
40 16503
17 11092
78 10589
92 17572
17 863
17 8902
23 6131
8 7696
11 12268
92 13451
70 7800
33 13300
44 5766
8 2506
83 9274
38 15158
40 9873
83 13024
86 7857
1 5174
105 6114
26 1037
92 3937
36 13505
25 13335
54 4327
98 11377
42 11126
53 14193
58 4549
7 898
12 12945
81 18308
94 13934
47 1268
21 7234
43 5533
99 2328
53 18706
100 8376
82 15139
35 6526
61 13032
74 16009
57 13986
3 4042
6 12615
82 17004
107 15306
5 10437
23 3395
57 6657
45 8645
20 9747
42 16169
37 12742
27 3175
56 11174
12 9269
106 5430
83 1090
37 10488
53 9160
38 8330
47 3131
65 4742
109 141
65 6803
29 1383
71 8486
109 7022
57 2209
42 12845
86 17754
63 12915
95 9071
11 15357
97 61
70 2105
86 2334
65 18508
48 11760
25 18473
37 8432
60 7463
97 1109
78 1848
15 16033
18 8051
36 10862
44 1673
89 15970
82 13546
91 3545
98 15771
89 1886
37 4305
47 6278
2 14911
46 6336
54 14331
50 562
6 2113
4 4926
69 14083
77 3481
100 18423
98 5136
20 18183
85 970
75 5910
34 2583
63 18204
104 5342
27 6274
14 191
44 121
33 485
33 10401
4 3748
48 3901
103 12590
67 18029
81 7643
32 17757
68 4516
50 2819
82 6231
2 17662
65 7487
88 4249
41 16890
5 18781
2 16953
41 14137
27 7017
58 8928
57 12712
16 11387
33 16519
14 11669
17 16512
22 484
107 16508
37 6665
93 14432
71 4024
76 6633
28 2047
85 15689
97 16638
87 16924
105 16367
33 16225
34 13692
30 18895
96 15777
42 1847
76 11499
3 17109
32 6052
57 1428
92 16212
41 6935
73 14349
8 17145
58 9032
78 1255
101 17054
35 15150
106 3574
3 18105
43 14153
71 9666
14 2008
52 16165
32 3017
11 838
104 8356
64 1191
65 13099
100 17394
30 5755
80 9527
66 18830
86 6905
1 3423
15 5458
105 8663
50 15577
21 5601
27 1433
73 2685
40 197
87 11746
64 6095
80 11074
70 8973
51 5839
19 3339
43 6878
40 10776
55 17955
17 8874
70 14059
99 9639
31 9543
49 9276
94 15045
101 5970
54 2211
86 4986
81 18256
64 12815
15 15161
69 2114
49 9100
74 13338
94 1473
84 15671
21 10365
7 7542
19 83
18 14837
6 8993
5 14270
35 5222
57 7190
66 15917
68 9570
66 18860
69 6468
107 15924
39 17013
55 5720
7 15632
83 13047
99 18695
42 3694
36 608
97 16337
80 15240
19 6484
110 17386
78 6136
95 6829
66 2343
78 14954
18 15805
16 18366
59 704
10 1312
77 1874
107 7878
46 15538
96 9604
3 14714
27 17136
23 623
78 15949
109 16532
64 12752
47 8425
101 844
11 14726
109 9456
28 16910
75 10178
6 11774
43 15701
34 17893
98 3888
25 3498
30 7155
15 248
79 2229
32 9583
9 8005
80 16741
6 5939
47 10760
91 8895
12 17514
109 10155
57 9479
41 11653
110 14862
99 13329
85 267
46 13830
30 17641
43 8644
20 13742
72 8934
24 18551
11 4947
81 12970
33 1683
20 5265
83 4473
45 1396
30 14466
16 4017
43 6968
10 3332
62 15148
33 559
32 1546
19 14495
15 17133
2 16703
2 15707
32 18624
38 13507
81 11931
58 631
66 6456
34 12287
37 6593
44 6106
95 14108
16 11895
72 8747
1 11670
82 15271
65 9638
14 14585
29 14996
74 15085
27 96
8 10185
102 4045
103 17525
17 9815
32 9641
48 15040
96 876
32 10766
85 4078
80 5215
22 4588
3 15024
31 12547
12 5733
28 3225
81 18350
54 16906
82 12752
28 11077
49 11899
90 2189
74 16817
92 17576
65 4037
1 3368
95 4704
67 15454
73 18479
101 3097
23 336
95 11039
96 12785
106 3079
17 17429
97 11805
13 17575
93 9617
84 8408
55 6676
3 3900
3 13047
51 17998
58 681
29 9853
28 14039
109 11802
86 1224
92 16724
24 3474
10 1160
37 16831
19 1623
40 16829
25 8694
3 13826
13 5899
56 12547
47 8725
49 13724
94 8355
58 11468
61 16542
7 8446
21 16993
14 12120
82 9900
52 590
1 100
65 12904
49 4627
25 12737
3 6953
97 6773
58 10861
56 6605
42 11961
22 3075
10 11763
77 6470
99 14790
102 10610
72 891
102 8563
108 2674
70 11487
13 11899
81 9176
38 2858
38 15528
102 147
67 5285
2 2204
68 12960
89 11231
83 6424
55 10370
80 14414
48 2288
61 3601
59 18498
66 3612
88 3014
61 11246
103 1087
84 10940
97 2257
102 4692
102 7288
40 1129
92 9432
21 8242
17 7288
26 3412
35 687
84 5888
80 4803
96 11579
74 13639
87 5038
8 2949
25 7310
74 4554
91 1016
6 12357
8 2710
74 11399
106 13941
34 7662
18 9261
81 7068
51 8531
29 16000
38 11038
56 15285
33 16714
6 13053
98 14789
46 10081
7 12150
71 651
79 16576
58 18866
98 3086
69 11572
49 15875
106 10199
20 2861
109 16866
100 539
44 10974
48 3734
52 4979
59 15687
86 17029
11 9847
53 6398
54 12431
27 10290
23 13791
45 215
65 12852
34 7422
38 314
72 1962
17 9789
23 9455
96 11016
72 4396
77 12196
83 7889
67 2807
108 1817
108 1550
50 11754
50 16671
24 17356
40 15436
19 8937
21 12769
77 7952
26 16889
7 8431
79 14543
29 18310
99 16955
21 2133
41 2485
106 15998
83 17758
100 2077
44 13774
109 8653
2 7913
91 6957
80 11192
32 15590
20 15018
90 688
48 9198
74 9650
24 7196
22 18265
44 17434
34 6769
77 6717
80 5675
10 10980
25 3051
69 14621
74 11925
36 7619
76 17595
75 4886
85 5547
37 9632
89 3939
75 9682
98 562
32 1168
66 17363
17 17878
7 11078
88 9716
36 1101
78 6838
16 3499
36 4243
100 9443
10 3080
53 16267
97 2538
79 12241
4 6111
110 11686
18 2835
32 8218
75 5437
102 2920
43 5774
71 11840
68 18750
54 18419
41 135
34 6176
92 4850
69 7276
48 14998
70 10958
35 15021
85 11089
66 15395
61 10918
18 10952
97 8334
53 9210
1 12040
8 7863
87 6006
71 11670
72 2563
70 6974
103 6610
67 3410
100 6782
21 3914
18 8637
96 9528
22 12490
103 5743
104 908
107 13348
30 16966
22 15756
26 1558
32 7504
8 7649
58 15662
83 152
104 4177
90 9852
10 16156
73 18749
90 12098
82 9866
34 15764
101 15496
43 15072
50 3672
110 136
20 2957
35 701
64 13469
110 5862
38 18136
40 11905
90 9479
29 1531
18 7095
10 4168
22 3820
107 85
47 2394
6 15479
35 9688
34 11295
77 14606
54 14600
23 2413
108 14045
20 2851
51 12239
60 7361
25 4260
87 18749
108 12415
9 710
94 14234
75 7
14 9169
35 17679
94 13689
88 15161
73 13709
105 2101
103 10473
81 17406
97 10335
54 8832
81 1221
87 14373
2 12148
4 17486
14 18185
83 798
8 18538
48 11519
50 14463
43 5218
110 16604
98 627
25 13972
76 13491
72 15151
21 11252
24 3254
94 2358
25 2705
52 15839
38 1038
107 11946
5 17815
9 15505
2 3496
81 5151
19 10743
34 10879
1 6513
95 2371
34 10394
88 10386
45 11597
14 1401
99 15289
38 9247
62 6226
2 18605
11 6656
93 1020
102 18534
96 12954
64 5002
27 7341
33 11904
67 7233
100 6037
55 16944
46 13064
34 5990
106 18286
33 18734
38 17428
55 12254
85 16150
33 16938
101 12498
102 17310
10 7074
7 3070
2 6712
40 13625
49 272
25 13085
26 12616
102 5391
104 6662
79 8764
100 14813
52 1523
102 8346
14 18996
75 1702
77 2047
106 14306
99 103
20 15417
98 7821
55 16648
25 1375
87 3682
33 13516
82 3240
84 6783
108 7001
76 12717
82 9469
81 8541
67 2368
35 2649
104 15702
101 1393
93 18183
80 10510
74 2469
91 17444
52 1352
103 7845
98 16943
25 5346
32 14285
83 11640
53 3125
22 7275
74 3119
3 13516
11 4027
79 13643
12 6825
46 10390
15 8388
109 6796
12 13848
20 5682
109 1619
25 18436
8 1441
75 12008
24 13960
110 1409
84 1557
95 18602
104 12536
61 10495
84 9748
65 1006
63 12421
28 8873
96 5144
5 10410
65 8285
57 5369
68 12272
63 5641
49 362
10 7013
64 13325
90 557
31 11210
37 17572
77 4287
77 1091
95 9081
77 15326
15 7221
107 3691
109 7932
15 7933
5 9139
90 10138
30 11974
50 13121
67 4763
82 4509
1 5728
76 9280
40 13009
80 9424
9 11685
37 8666
58 3836
77 8465
17 4118
96 4321
58 2321
6 3755
106 3959
44 3295
16 11552
91 7397
107 2236
66 9996
29 8046
102 1037
54 16520
35 12690
34 4761
99 4473
23 9902
3 3134
91 14603
73 9220
105 6468
11 9986
63 11670
67 18002
89 6411
26 11852
31 11120
19 16890
19 5294
85 1345
27 4085
76 18933
88 5961
35 17560
60 11658
17 2828
45 11646
37 18848
19 12899
29 923
56 9549
88 6117
46 8366
60 1658
64 5936
22 15066
80 170
3 15358
39 767
57 749
8 4400
15 13253
100 18093
23 11711
85 3300
21 3652
80 18463
90 16220
78 15477
52 4191
46 12231
53 3784
103 6605
4 11587
65 15761
61 2500
64 7263
57 8557
100 1204
35 1049
62 6956
10 55
95 16171
87 15950
2 6504
24 6411
76 11748
104 13838
36 12038
30 8427
98 10111
105 11662
71 9382
37 6431
19 4190
65 16791
16 3531
43 8915
106 5472
35 4700
22 8707
86 3060
108 4007
96 2510
8 14673
65 17897
79 14918
89 5859
109 3129
30 17587
17 11120
72 1166
32 4574
5 17054
65 17647
66 13371
71 15566
72 10511
52 5680
74 18319
46 6660
97 8839
87 8774
94 18227
63 18338
77 12275
80 4541
17 7810
83 14872
70 1863
34 10320
55 3575
66 12664
35 17809
47 18457
108 2398
26 15342
37 10396
32 17285
62 10072
6 17786
79 18430
39 8138
19 14145
89 4453
22 8878
3 3592
47 2657
67 17890
6 17301
79 9943
27 14814
71 3286
80 4455
99 7183
60 9543
32 9224
11 10998
54 16210
13 12721
49 15205
18 7786
42 6403
92 17755
77 3258
43 13989
74 18457
55 12541
105 17715
27 14664
97 3873
19 13568
88 5530
20 13161
74 13411
105 14754
39 832
36 763
9 5333
52 3877
45 8627
36 14846
26 19
43 12530
45 16733
87 14981
60 15103
23 16405
108 16817
68 14724
89 151
14 12194
48 15719
3 1271
107 5528
47 12345
80 14363
23 4942
103 7928
100 14817
39 18719
42 17616
3 3049
25 7806
11 18642
44 3444
60 7061
89 12829
79 11297
27 16182
78 10597
89 13683
44 419
16 3044
82 18798
88 5357
55 11361
41 16041
56 12049
30 6625
21 10078
28 2833
103 8410
8 1917
30 2111
77 234
106 1679
17 18665
30 4891
90 1795
53 3272
54 5908
18 12827
95 11744
48 18146
3 8916
60 11140
11 7361
79 10112
12 2959
94 1430
78 5928
75 8460
102 15556
32 1356
37 742
81 17557
13 10610
73 948
103 8610
27 13073
94 668
110 11977
70 7465
13 8
49 17014
33 4966
17 6248
15 11237
75 831
64 2857
63 8571
23 9924
21 4147
88 5237
11 2316
93 12985
23 6225
99 12714
101 2104
37 15463
80 15861
70 14410
108 7909
79 7614
62 1942
5 1662
65 13586
105 12397
95 13807
4 13192
18 18646
32 1808
51 14840
106 10910
104 18593
95 8412
101 10503
101 1264
28 12171
102 18501
32 10699
77 15976
64 4098
87 5721
42 1061
86 16730
50 8792
73 16927
68 5410
5 4278
100 9263
65 3159
43 7862
52 10528
98 4652
90 15144
81 2542
89 3338
58 14547
57 15895
87 322
23 7664
12 14866
57 5095
53 7481
3 18333
92 13414
105 8859
28 17266
67 3307
22 1766
9 9618
76 13272
110 12649
94 3013
54 15776
61 5872
69 3798
103 3084
14 4715
50 9617
60 18658
57 16891
96 6304
100 254
31 18072
29 411
45 18381
110 12996
59 5204
32 2573
26 10694
94 18474
28 11884
40 14736
104 4473
31 3349
51 733
38 3999
34 7746
19 7998
80 18327
77 17210
15 15146
100 10736
100 18565
91 5033
86 4455
40 7454
91 17415
18 6992
32 10244
68 17370
40 13283
50 715
22 8323
69 10549
90 18824
89 16708
43 11314
41 7670
72 4455
21 3841
26 8560
66 7951
4 16186
21 1213
104 7985
7 1108
82 3653
38 5999
99 1886
1 2328
5 8008
3 8029
31 18830
54 12903
105 11104
13 4544
66 10740
25 17989
93 10139
104 6705
64 11839
93 11742
30 986
3 1522
100 6638
95 6283
23 14236
57 16670
72 12713
87 9700
6 18667
18 15831
41 793
72 9683
19 8076
16 1407
80 17255
50 18108
102 3240
59 12462
96 6183
58 7226
5 15758
103 6835
46 6818
6 15991
83 4833
28 18594
108 10344
11 7909
27 18718
72 2036
65 5166
37 7563
36 3476
78 11338
3 2471
71 2428
4 14809
56 10403
73 18851
6 10814
59 11565
100 12013
63 2386
45 4030
67 3291
58 10427
59 264
51 18565
54 1717
47 15101
18 12168
36 13767
1 9493
85 1953
58 14265
50 15730
54 5876
103 11441
13 11366
68 12068
44 4239
74 5816
42 12834
60 9945
75 17985
82 10089
87 14924
18 127
71 11728
92 16462
14 16549
24 5173
44 4637
5 3037
96 4436
66 13362
87 1301
104 14880
86 15908
44 1036
66 3220
5 17395
63 17682
61 6262
13 12656
84 8753
47 18618
25 4979
97 13242
77 2961
32 5822
42 9055
36 7851
68 12608
63 12461
102 11002
58 7470
101 16526
59 9621
8 7912
26 9213
71 4831
61 13292
94 4437
97 528
19 16562
108 4718
68 13471
28 4605
85 8678
1 12072
81 15448
3 11778
110 17043
54 18463
106 7377
29 5321
15 17506
92 4720
27 8850
73 1690
27 11595
37 6083
77 10327
94 4494
17 8752
59 11034
83 8457
100 9524
28 7913
21 3805
28 9013
20 10200
29 1794
13 12163
52 1165
31 18757
19 11611
37 1528
63 16526
79 2940
45 5290
108 2827
62 487
31 2949
46 14392
44 6392
101 17583
46 13626
38 3861
5 2370
6 1640
100 487
34 18317
52 7538
19 9739
108 13470
88 7153
11 11477
66 2702
103 17742
25 12531
5 2496
31 4427
7 13192
81 14261
22 4663
19 9038
84 11853
10 17515
13 5195
86 2218
22 14632
88 17664
77 10064
5 12885
85 9809
36 15641
17 8879
70 11129
109 9353
75 9982
100 4992
4 10516
10 18725
72 17233
82 8634
5 6287
42 2875
108 2724
109 8018
8 13095
5 13375
104 12834
42 2154
86 16675
9 2702
33 16873
8 9380
44 5536
90 17417
12 5375
94 16273
27 13018
81 9667
7 4436
110 3701
26 18214
57 18617
110 11681
97 8360
1 13275
109 18715
34 18753
110 10886
64 9550
56 10759
13 18055
22 641
38 18529
105 165
45 344
99 12846
82 12292
104 13308
7 5583
30 16031
17 5080
14 12708
34 7543
102 11824
34 15599
104 4367
18 4669
17 7725
91 6667
72 18513
21 3106
69 8270
79 7524
47 3073
85 15596
67 14668
35 8903
15 8210
25 4320
29 14536
95 16671
79 6924
78 6614
30 16887
12 5241
58 2993
92 11462
107 6446
10 5191
78 4443
92 11324
17 15516
45 18837
58 9023
11 7462
34 15426
39 6165
80 17822
70 9349
39 17409
31 14811
44 14286
43 4014
46 8961
15 12953
78 4045
20 15217
55 8206
99 15637
40 1912
20 13139
35 10933
74 3390
38 14784
44 16813
46 18678
35 16296
59 2599
61 8750
62 12217
23 7666
4 18329
55 8173
81 1638
101 16115
83 10610
82 3590
110 1907
10 3647
51 11069
19 2233
58 15786
7 7413
62 11188
16 12647
74 10215
16 3369
13 17249
66 18782
86 18053
34 5139
108 7148
106 3555
91 15707
8 17095
99 10363
59 1226
10 1558
67 16885
63 7504
58 18853
53 4899
77 18613
6 16465
89 13385
63 6641
38 7882
58 18602
31 5545
79 1340
42 5788
63 5669
18 10202
96 17354
7 2675
99 1321
91 14927
1 7451
37 717
63 15637
97 13487
68 4975
7 8417
31 15507
26 11237
6 8952
40 899
31 6740
3 13198
74 10538
38 2302
48 1102
34 9428
7 4118
54 15170
16 6949
16 14383
39 3375
71 7852
100 9111
42 8078
26 18815
104 5034
3 1076
4 2998
89 8158
69 14823
33 3526
6 514
35 17099
39 10101
73 8042
38 18674
75 633
44 2648
67 9316
100 157
72 2404
12 7035
63 6124
81 6445
29 15331
109 14891
4 9221
31 9204
104 13790
61 14070
13 16139
41 5598
27 12620
15 17866
33 12025
49 3417
71 14564
110 9260
6 11835
38 17672
93 11026
27 9726
81 1318
40 10269
100 10584
4 9290
20 10433
64 15845
60 5836
71 17338
56 5084
60 4641
110 3557
13 14391
2 12307
12 6260
17 17976
96 15930
69 8969
103 17105
14 3888
102 9978
82 13633
11 1075
65 12884
29 1033
63 2870
68 1318
78 10924
40 4521
62 1122
37 8561
21 821
39 10742
46 4041
10 1693
1 7592
66 15304
30 9844
87 4396
20 17494
104 13046
25 2452
75 9493
5 12775
46 17604
97 7497
9 13992
36 14359
1 9457
52 16283
4 382
95 14172
65 8802
9 4415
40 94
89 1329
110 5975
68 10205
79 8507
52 1832
70 17874
28 15978
18 348
57 1303
75 12438
2 3658
91 13811
12 856
42 14195
60 8160
48 9882
88 10130
15 4620
28 3675
49 5313
39 2939
49 16538
18 18756
60 12956
16 746
3 9994
76 12269
44 13583
69 18767
39 1098
31 5769
98 118
107 9538
95 8584
27 9214
35 1423
82 787
62 13773
80 8901
36 11951
76 7177
85 5400
62 804
102 4921
78 10463
13 10200
48 18700
47 14832
86 6406
110 5153
37 9664
40 10476
48 7239
81 2343
85 4327
86 17137
86 10292
65 3300
52 13870
74 3017
86 15941
100 4266
17 14885
41 16229
41 14864
77 9262
47 308
18 7328
80 16336
84 16740
36 15314
36 14869
51 9764
65 9052
88 9092
53 11668
45 16636
60 2672
10 17733
27 6162
3 12633
60 10475
83 7511
6 3189
38 18824
80 16860
38 7156
101 13095
36 3248
12 4255
14 6566
51 9724
37 5910
92 8072
74 3647
71 9590
85 10656
99 1570
70 10219
82 14364
83 16037
44 7883
97 16303
72 3814
20 15475
52 14593
78 6693
22 17592
33 415
93 8596
95 12248
46 3043
4 10601
99 4774
27 11073
1 3213
95 3712
26 14005
78 4424
10 13619
2 17238
62 5641
94 16231
15 8884
19 12598
96 12057
49 8015
46 1101
106 11062
56 11786
10 7714
105 12947
101 8797
50 14142
91 6768
97 15821
51 9324
34 11639
64 17044
91 4199
87 1704
58 7838
38 14058
51 685
1 6163
97 10957
53 10172
88 16653
85 4205
42 4539
59 11907
20 17681
9 14171
6 135
33 13544
17 14207
36 3292
9 16316
41 3334
38 14819
55 1823
24 6076
89 3029
13 11962
70 6875
33 9557
57 9211
101 12362
36 9907
110 18299
67 8181
94 11048
63 18252
65 1172
92 6363
75 13785
100 5469
7 1179
32 14940
46 15730
48 12343
25 4298
61 5874
32 8638
96 11859
71 2933
20 12792
43 14214
45 3342
75 5980
74 14078
36 9241
1 11975
47 9043
104 6262
107 12432
60 13761
76 3861
78 16092
80 18117
69 1433
4 1340
93 16028
101 17619
18 3289
27 1425
78 15713
17 17912
36 3788
42 7953
87 15429
1 11358
58 9466
87 12526
4 68
20 6859
28 15394
91 7076
44 15103
11 14494
10 10291
83 8109
31 9287
55 7041
26 6326
27 5828
65 18082
79 14647
103 4754
11 16807
85 2518
42 6321
96 4215
97 2684
77 89
21 10059
8 5447
63 85
65 16540
77 159
76 4822
65 8323
62 14522
16 5505
62 3494
91 5096
98 18328
12 15274
18 7515
85 14210
79 16134
70 11037
71 14788
97 8665
3 9598
21 17895
30 14809
82 1026
50 12891
34 1957
55 1193
11 13746
10 11524
31 4062
104 329
52 697
84 14892
21 10394
8 3854
43 14357
43 8880
20 10574
81 3172
52 16722
20 9480
63 4797
73 8434
90 2545
26 914
82 2700
56 7581
22 9055
8 6481
5 5502
90 505
67 6489
42 15813
94 15776
9 1012
74 7398
94 14879
34 3868
72 3088
43 6973
64 4369
90 6946
11 14772
12 6773
85 16448
33 3938
79 14836
60 17689
6 18840
64 13336
53 10665
85 4399
26 13926
66 3910
105 14677
57 3718
54 3258
41 3346
79 7664
13 2985
42 13745
22 4767
7 8700
62 3932
57 623
69 2447
15 10351
8 10885
24 6462
110 4993
3 17028
8 3886
92 10726
51 2018
32 8702
86 6203
40 3276
57 4377
10 5776
100 13570
106 8278
38 10740
74 14212
23 6608
92 17418
47 14162
78 3014
81 18434
34 16631
92 14831
16 16805
2 9777
105 14707
74 14759
108 5165
44 9584
95 16696
87 4422
101 14299
88 4932
63 5332
108 10864
78 9492
62 4788
31 3101
107 13453
41 14708
74 14041
31 11438
82 3247
32 1830
105 2395
28 15857
7 2784
55 10900
32 6574
7 7807
79 15929
38 86
58 15772
5 14390
87 5795
95 16157
54 1510
19 12337
16 16547
14 10642
40 13691
24 18813
33 1356
71 5188
16 7944
24 8070
25 12996
98 18643
103 2693
69 11344
10 5129
61 11025
41 8446
62 4451
102 18526
108 7637
90 5294
51 2041
30 18162
7 16282
21 13278
3 5032
64 4857
59 17040
23 10058
67 7387
1 9235
70 4529
69 14123
29 15023
70 5070
65 18216
89 2461
102 18716
17 10188
27 78
1 12699
55 3090
61 1134
94 16456
62 12216
90 17730
108 14605
77 11481
85 3588
57 14727
63 12866
66 10372
59 6551
90 16947
96 17435
85 3907
78 15188
24 1039
6 9828
43 10217
98 5040
36 15844
86 3555
24 1722
81 17531
36 17502
23 2743
5 18074
22 1663
87 86
74 7100
77 12933
64 12691
1 10960
106 14169
68 16913
39 2473
9 11203
37 4784
74 14872
44 12077
81 6062
75 13598
11 17167
84 3858
77 6709
64 14300
62 14244
75 16317
17 13212
37 18731
95 3045
9 7585
88 1286
67 1227
25 7034
67 1882
82 2177
95 933
100 13444
52 299
48 15747
42 3497
63 13939
103 18896
8 3650
96 1979
35 3533
28 13996
55 13282
37 12326
68 11229
48 16113
65 12391
104 15452
100 2835
53 18337
24 2699
78 12274
99 13998
97 7492
30 3147
31 7044
92 10384
7 2848
83 18966
4 18036
78 1732
52 15951
15 13193
19 12307
64 504
83 17311
54 14477
104 11192
25 3752
80 18473
78 504
49 15280
99 10259
94 8607
72 16004
85 12770
12 14142
4 4209
45 4826
30 15712
92 510
16 18884
67 15957
50 15812
74 12461
76 9310
61 13151
32 16906
42 6420
53 5985
44 5506
17 12509
27 826
81 332
15 5584
43 2332
17 2416
4 12431
42 14993
63 1783
72 15877
19 4120
15 8033
72 16140
107 18889
34 9226
14 13230
27 16392
43 451
86 2410
81 5117
94 13830
50 8660
2 8607
81 7853
1 4457
66 12833
107 7812
1 1953
1 18020
55 18427
79 17586
57 10978
40 767
76 4051
19 10517
7 18269
8 18402
30 3958
11 12579
47 1100
84 18243
4 16963
57 8852
53 3357
43 12107
22 7467
107 17143
90 17020
40 3928
25 2085
33 2588
101 11143
60 632
91 3052
103 18262
55 2597
71 787
20 5558
104 2177
5 213
1 3049
21 7678
77 179
49 10452
29 7766
105 9903
35 5241
33 5397
88 8496
28 10435
13 3951
89 6262
71 6646
74 7430
2 3437
75 16161
78 17025
15 18027
69 10535
92 4013
67 13367
89 11357
45 17663
59 7183
39 16553
35 6268
99 4704
109 7943
52 7051
97 2874
14 14366
72 16971
20 4872
68 12296
81 16828
6 16409
67 12927
70 3856
11 8222
66 10100
77 11359
32 8980
2 1247
97 18762
8 4645
80 18784
76 13021
44 14103
101 15455
4 16001
50 6411
107 7179
77 13526
49 3278
57 4777
25 10224
103 2095
61 4549
60 8476
21 11638
21 17297
20 4482
5 10878
13 11913
64 17335
107 11966
67 13675
92 15433
33 12883
9 12651
76 14791
86 6145
63 14429
36 1226
83 6355
53 8376
20 15635
63 9024
67 14146
102 6197
64 2202
38 18928
22 1010
94 6779
91 16774
75 3902
109 6007
57 10450
17 12091
47 7042
80 15890
66 16152
35 10979
54 2740
66 18463
26 9955
74 9802
81 243
82 7945
39 16055
98 17802
8 9635
26 12706
89 7946
88 14462
73 17297
98 2757
87 6579
20 1623
97 11210
6 958
79 4453
75 13749
105 2569
45 11716
40 10115
9 2283
60 17029
85 12184
8 3488
105 12314
92 1700
40 7584
88 11508
97 300
9 11995
87 7584
44 3367
67 12493
71 6728
3 7262
76 17430
20 17591
87 7235
105 12784
29 1124
105 14211
54 3870
77 12805
94 3352
38 10445
28 16064
10 14496
38 3063
41 16716
9 4548
39 7633
95 7576
83 1139
94 10053
28 8237
107 2723
22 15703
57 16592
13 13321
25 13962
5 17992
37 14145
97 2806
63 2475
4 7997
1 7202
19 3055
75 14908
30 12291
67 11170
2 8488
12 15325
19 11836
28 6048
81 5211
55 2272
78 13737
72 9041
97 5975
23 8414
27 11593
7 12304
51 13096
36 1543
2 5522
1 18265
71 17956
43 1902
79 10209
52 18650
53 10661
107 2326
18 1041
17 2938
24 5585
37 3689
104 9670
27 4175
97 6906
98 11855
71 18428
33 17788
42 18763
52 525
76 18990
33 8095
72 3799
81 7399
29 4489
25 13557
67 14744
75 18601
77 15941
36 10882
28 843
51 7625
95 16558
60 9005
22 8806
77 17643
9 11407
5 2149
70 18860
101 2747
3 12940
13 7477
8 5900
62 15799
52 12556
79 17037
94 13119
66 5021
75 13778
103 7996
100 14906
15 14081
110 15079
78 5221
78 8481
30 1990
57 5270
81 2454
34 7896
11 15712
61 8636
54 6201
81 2114
11 13430
67 16598
73 10825
45 2118
96 2519
80 13486
18 4486
105 15707
16 7089
104 7293
88 14849
60 10498
3 7991
51 16660
53 13238
107 16764
41 7015
81 11795
93 18215
64 6448
33 3460
5 9473
79 5603
71 5772
24 18506
96 13585
92 604
74 17266
97 15566
13 14136
9 6050
76 8822
88 17611
68 13607
36 6880
80 9911
95 3690
92 9636
57 8265
62 2983
7 9471
14 4828
93 13000
55 10019
6 9369
50 367
50 18757
37 2538
36 12508
97 6544
56 18901
70 2078
14 18540
34 12882
104 18472
82 6926
33 4782
71 10367
45 6197
67 8345
13 16891
107 13687
64 10955
22 6365
69 4719
101 15200
48 1714
96 18560
1 1343
104 409
46 656
77 1108
34 1790
66 14569
93 4211
61 14903
71 14328
32 10099
63 8516
96 10743
34 1723
9 556
35 6923
47 6394
54 3908
3 431
90 15840
41 1352
90 4363
23 8319
103 11185
84 2025
45 15513
18 4145
99 11290
102 965
20 14884
77 7800
35 11986
63 2423
95 3699
10 11808
9 6094
19 11222
20 1430
34 1733
30 15112
6 10477
53 17584
3 18355
109 3563
37 14237
78 1838
4 2253
57 18933
23 2068
105 9232
5 16224
55 18385
75 8485
38 8985
18 13428
47 5327
30 18424
88 2229
4 5135
1 18097
36 6942
16 5110
54 6109
79 15572
3 10376
81 13403
8 12480
4 7396
32 13602
11 3533
39 4179
72 5989
88 12769
75 12732
68 15713
104 977
16 4113
74 4199
12 2480
77 1102
46 8277
106 3158
5 9995
108 14071
14 9636
84 14329
107 7462
52 8768
69 886
80 12188
64 5678
102 11603
13 10602
13 13067
38 9627
13 8639
68 11376
110 11010
22 5052
39 17318
6 15035
19 11205
32 5314
102 16782
60 13822
31 5501
76 14485
66 11992
19 6960
86 10518
99 11578
3 6840
79 5008
60 6323
42 15281
67 7450
84 8637
22 7867
19 10977
78 13205
16 6970
106 16648
62 18513
42 10244
71 7050
109 14410
89 3621
89 13932
46 11450
90 10040
109 7597
65 1748
105 17143
19 4238
73 6615
106 6269
68 17148
110 17741
94 15259
30 14483
74 2097
87 4639
72 3493
42 5697
76 2527
25 14023
40 14225
89 9059
106 16736
20 12837
67 11738
87 9285
48 5725
43 9248
33 8361
59 6995
33 16326
90 7526
74 12906
42 17463
15 1310
46 8258
86 607
104 10604
20 2963
13 13044
70 6249
43 17641
49 13057
80 5307
21 14323
8 14578
105 15285
20 3818
50 18029
40 15973
100 6117
25 17575
108 13897
20 6768
73 4969
77 14264
104 16195
13 4189
68 12144
96 14372
52 4500
5 114
23 6108
46 1326
59 7914
42 7177
101 13880
97 3456
16 6280
89 16988
11 4090
94 13817
38 16506
20 2887
20 10205
14 17115
40 1263
91 6840
16 3862
66 3858
85 16816
95 17157
105 8137
37 11823
60 4892
71 6665
43 13412
90 1617
25 2190
74 11919
3 14816
89 18450
79 18613
36 4449
68 5806
31 16953
30 10692
49 6668
70 18426
7 5597
73 652
105 4649
105 15445
85 7684
14 2119
105 2380
109 1987
101 14013
83 8118
103 17128
101 9470
14 8896
13 2542
17 2694
10 6404
7 16635
73 3254
18 14174
17 8548
18 8684
14 13811
89 18952
26 12892
21 10451
10 6480
12 17636
11 15010
61 10167
60 14445
10 10869
73 12501
14 10607
60 2138
35 6803
107 18988
80 4054
38 17902
105 3650
42 11025
35 15506
3 5382
51 16158
44 13023
9 10294
94 1183
35 12018
34 2017
66 12140
52 755
75 16542
15 6780
73 7596
76 15952
47 178
15 8049
100 16833
100 12527
71 6173
58 2313
67 16719
96 1331
29 18881
80 13360
86 9204
15 3313
85 16560
68 8340
13 17477
46 7753
13 14971
3 16040
8 1583
17 7792
66 17818
46 6924
4 15302
12 6272
93 2953
58 18553
18 16448
50 10253
34 14662
80 1867
81 16938
79 4848
49 8123
27 6711
5 13157
24 163
48 7310
92 18862
33 17044
58 10145
58 8467
56 14855
9 3915
108 2625
43 7402
20 5769
66 7165
80 18248
110 14207
103 18048
13 3164
74 11688
59 8000
43 14085
21 9033
79 17390
37 6278
84 14765
61 2055
19 2823
22 14936
22 16500
109 10559
65 1091
71 4408
2 5479
89 1053
74 9397
103 1067
102 16799
80 11413
91 18950
26 11136
93 10586
51 14807
54 5351
80 4704
22 15545
108 9948
7 12379
49 18478
82 13278
56 17727
106 2637
25 9858
61 11597
98 6975
42 11313
10 8964
100 14004
24 18010
63 17215
49 13555
44 10327
35 13098
45 1561
100 4265
42 14808
35 1216
93 4489
65 17879
95 4695
57 18982
65 6667
92 10257
58 5066
70 3728
82 4331
27 8391
28 13136
66 9713
7 6415
62 1885
32 8320
58 11018
19 5525
99 9892
106 17453
71 17578
86 1522
88 18845
32 803
85 1219
29 12205
60 11141
103 3449
103 12387
44 7182
63 3436
14 75
21 661
64 15702
76 7170
29 13481
93 12329
63 7636
78 2590
90 15744
28 4923
95 15121
39 6640
8 620
103 783
100 16001
58 6005
65 1375
8 4378
19 18921
51 13934
52 18997
24 9403
34 10786
71 7422
86 8856
106 18180
49 2462
21 14896
38 7549
81 12585
110 2599
4 3328
106 16606
56 12401
26 10604
103 2279
71 16299
54 936
49 6377
92 6964
44 13756
110 1207
94 3314
54 2002
7 14483
21 17115
52 14176
1 2054
77 499
35 9307
95 4492
1 4407
84 14617
23 9874
110 6755
62 8576
64 5685
40 431
13 8587
109 2564
8 17019
66 2150
85 12471
80 15326
54 1361
43 15424
72 18920
109 7643
28 18227
41 18233
109 17057
1 9195
27 8942
41 4091
66 3409
99 12949
100 17683
63 6676
52 2005
57 15474
77 10337
7 569
73 4078
57 7497
109 18783
59 10989
63 14537
101 11932
74 2160
60 4711
1 15731
33 51
76 6813
39 16917
33 1079
96 13885
16 16639
79 13024
80 15720
52 6725
53 8248
7 4693
76 10248
69 1319
1 6701
41 678
40 6391
33 9195
73 17806
64 4723
98 3205
104 2651
14 5413
64 4264
70 8545
103 8986
48 1052
101 3281
79 13005
25 6409
77 1979
11 4135
69 9518
53 4276
88 11791
26 18559
71 8605
9 7191
106 9235
109 17853
10 5145
8 6923
5 12867
1 199
57 6153
51 7575
21 5045
3 18204
79 16389
51 14237
77 12476
63 6878
110 17708
54 17801
75 8225
101 8424
17 7194
72 2269
39 8253
36 18282
28 425
92 13888
11 11620
110 2736
54 16569
77 11243
100 13471
100 13829
31 14892
68 2823
26 11986
79 189
99 17944
37 11591
44 6627
53 2602
21 10784
25 14224
101 1932
52 14115
7 16635
107 11248
46 15828
69 5986
28 10057
4 7187
17 11405
69 13572
54 2887
73 17545
108 10090
75 18267
23 10690
91 6979
13 13153
99 3473
92 8449
99 4595
80 12148
36 8347
15 10739
24 7949
52 15963
9 13492
18 1738
67 713
70 6237
6 5051
19 4822
104 1899
103 5474
24 1113
9 2794
1 1902
1 7639
17 848
48 8485
20 2520
63 13020
69 15648
83 10750
68 17935
97 7692
23 6264
34 17717
10 2838
82 15236
109 816
87 11361
69 5322
9 4317
34 9727
99 16669
88 953
12 10961
63 8148
2 15664
67 2400
25 12770
8 8219
79 18528
83 7028
25 16710
30 5144
55 12263
62 420
47 7985
93 12085
79 5097
17 7692
89 3692
48 10119
31 14272
51 6414
25 3885
45 10879
8 8393
42 879
72 8452
6 6524
33 16486
11 997
51 8441
87 11123
37 8821
83 1946
4 7005
37 14572
65 7286
21 1669
9 7969
13 16287
55 13156
89 13815
100 4187
32 6025
51 9984
75 17494
9 11454
26 4313
18 11135
59 15490
101 9674
29 11767
46 4398
76 481
87 17334
2 1079
75 6284
90 7152
48 17934
59 12141
27 11549
64 18693
48 2955
79 6979
61 11967
102 4579
96 5881
38 2303
85 2133
58 13996
66 2254
67 5011
13 4022
67 6
98 16690
90 13575
80 5484
48 6295
106 18977
55 13878
17 18446
106 16287
109 7154
48 6956
11 12723
8 2807
28 8376
37 14864
9 11332
73 17055
49 18367
52 11315
69 16248
34 14992
89 3234
9 519
67 677
12 18357
12 18097
11 10171
28 18614
71 9499
92 12147
110 3089
73 1231
29 15202
56 12771
29 7150
43 6125
10 17594
14 4362
100 13741
107 17620
76 14572
102 10760
45 887
105 10071
89 1065
43 7098
8 9398
92 5295
57 10628
90 4467
93 435
11 3622
85 2653
95 18844
36 14725
76 1841
72 6531
19 7389
102 5676
52 505
73 13732
100 2244
30 7282
90 1081
49 18658
35 8039
22 17842
66 825
68 2347
71 590
72 9483
36 18718
8 8085
12 6134
109 7269
11 3203
46 5593
14 16482
54 14687
24 11783
103 5812
65 5788
34 14185
53 7850
1 17632
26 5953
22 3924
78 17183
89 14479
70 17119
83 12659
21 6452
53 17118
66 12124
27 12846
29 9852
79 7431
75 6014
45 13603
36 1849
71 15358
91 13403
28 4822
53 3641
11 17606
24 4752
23 4784
43 10514
77 6487
44 8761
62 18895
96 1692
97 6602
6 1292
51 14624
51 6493
76 2293
77 2613
105 14185
40 9119
30 9716
31 15405
38 16424
100 10455
45 1906
13 5945
78 18826
110 10830
73 8397
70 9335
88 16965
108 6352
14 8075
19 17724
92 16921
98 16048
94 13063
78 4838
22 10721
108 16099
73 6859
36 7482
23 12382
78 14815
40 13136
40 5797
20 1977
43 11357
42 3816
16 4661
50 625
49 723
62 15863
95 6876
14 3555
13 13264
76 17368
100 8449
83 11408
83 12527
36 764
2 7995
91 4527
62 14494
104 12135
19 10077
11 12213
75 17798
15 18062
87 8009
15 999
88 13029
79 14370
9 11819
76 8444
37 3672
78 6373
29 3299
14 3368
54 241
99 9298
92 613
72 14172
3 13289
89 6786
46 7201
52 6273
14 8854
32 5410
45 10123
46 17369
13 14412
52 8163
2 17344
106 18205
4 9736
18 10604
25 4068
58 11461
106 10360
90 2356
71 17382
107 1493
25 11974
106 10610
41 3459
82 8241
53 15423
26 18283
20 285
110 3701
47 45
24 11719
79 2783
4 4171
7 13776
89 13406
98 6507
50 2095
87 13152
13 12928
18 4387
1 17184
49 9923
99 16279
89 16658
64 2930
20 16987
2 3518
58 10178
35 6967
72 5566
4 18814
30 7622
45 13256
73 16316
64 1087
41 702
66 4215
23 7089
88 3534
83 12823
42 14503
60 12462
21 4635
21 17060
45 10296
1 4325
16 7049
34 13720
78 15422
49 18838
59 14441
27 7131
41 2515
110 2851
24 12020
32 14215
6 9187
81 16894
73 13019
56 6421
15 9929
29 16126
85 14042
64 984
73 4584
15 18324
106 11712
78 1383
64 13728
27 13329
23 907
83 5620
55 7571
29 15265
85 1169
40 16254
29 4782
35 10778
104 15575
29 1638
73 14286
19 11535
57 470
77 14278
37 17150
28 12295
25 17149
19 10852
26 4131
70 17659
62 1153
74 7749
108 642
67 7460
70 12991
57 8727
1 11762
32 6625
103 14177
109 7428
75 10509
19 13086
68 1341
41 16080
58 3405
67 2122
40 2002
73 1842
2 748
70 10211
97 9751
34 13366
23 1197
86 6095
105 13245
85 10404
41 15949
99 6465
4 11130
65 3759
71 18282
45 91
25 7102
11 14277
78 2586
28 4291
28 15776
25 16551
16 1350
106 15050
15 18872
10 12402
47 12645
95 5460
110 3410
43 10661
43 16802
44 5677
26 14387
92 14456
108 8145
30 1659
2 106
7 13244
95 13207
68 17753
14 17449
96 1249
48 2372
42 7220
102 17629
91 10176
35 11334
101 11686
51 18510
94 15044
65 17239
6 3925
109 17616
14 1502
14 9165
24 7603
21 2760
61 10059
20 6910
20 2264
50 17861
44 12320
65 10996
75 8266
22 3498
96 9510
44 3716
83 1783
44 2954
109 15856
40 13890
59 11084
72 15012
101 13131
17 2123
33 10162
52 186
13 2528
16 18838
95 13037
8 16807
54 15422
86 8331
67 5556
53 11840
9 6107
60 8572
83 14729
49 10683
85 17855
56 15605
62 5139
56 3849
87 9674
92 1163
39 17373
57 8959
82 2194
49 13702
93 11278
34 11863
14 4621
99 6925
87 6016
32 560
34 11411
109 5238
16 14658
101 15566
99 4124
79 10745
3 7049
25 9347
98 696
53 8343
38 1941
3 1708
42 12991
79 17262
71 7238
10 6580
19 6336
63 7548
36 3607
42 17676
42 3546
66 11930
76 1474
60 2540
53 16676
8 5494
104 3440
72 18232
43 7185
95 18140
82 6665
13 15774
2 10592
108 16697
102 18787
34 13280
91 16143
9 15629
79 10189
26 2490
85 1403
84 535
16 16888
3 3975
17 7611
35 2199
22 1890
61 9979
96 3293
101 18031
72 14399
94 8114
13 1222
82 3214
33 14263
85 1977
3 15389
17 11858
102 12629
9 9701
89 1650
79 6865
64 10870
65 7372
62 5519
67 10297
53 10063
6 14162
15 14505
19 15750
58 4077
28 16783
50 2941
79 5094
104 16823
65 16807
61 18044
13 13363
36 12866
104 6779
106 18487
51 10653
84 7838
44 13889
8 4189
77 14812
96 715
57 10434
79 13585
49 10575
43 13024
17 12583
78 14756
91 13332
12 10383
100 18357
9 9537
96 2122
70 7174
54 3419
22 17999
74 2331
56 13527
83 5072
87 2347
70 2222
24 6731
96 18789
90 13101
104 11107
25 5581
40 5705
106 11823
98 15195
96 4836
6 13062
104 547
56 13899
31 2211
47 4888
49 6969
109 927
25 13265
37 7537
35 5186
78 3200
96 11809
23 18939
74 8082
89 6330
51 16451
39 18454
105 17486
67 13774
12 15027
47 5253
51 17122
106 18397
3 17245
52 1455
104 16927
95 7252
110 15262
45 16069
59 13675
105 10315
90 14141
17 474
17 5824
82 4675
17 5260
104 6548
105 17810
74 16471
105 4229
76 2188
9 13931
52 3242
41 16628
13 5886
50 14061
71 13779
82 17319
45 13179
33 851
32 7696
76 132
91 11195
56 2892
40 6346
85 17942
12 627
39 9323
33 4063
90 14531
41 9605
93 17499
100 18791
62 9987
69 13016
23 13526
7 18650
15 17658
31 3949
57 10862
93 10373
49 1531
56 14027
99 6219
29 508
64 389
39 11339
2 16198
84 7760
35 17155
20 9372
74 13838
87 16689
97 2570
63 15748
10 13635
6 14585
81 9470
9 17371
80 52
12 17437
38 10693
10 11382
52 3609
33 6426
109 12268
7 4794
52 17874
23 2304
33 14471
55 6225
62 7874
73 15622
52 13124
75 14031
8 14573
95 15318
110 13595
15 5507
104 18193
42 1669
4 1784
38 1269
32 296
26 2100
77 12974
37 15222
4 11838
101 10541
12 17187
50 136
15 9391
105 24
2 14504
38 3891
71 10517
71 7860
18 13724
61 12958
99 4051
86 1136
98 6085
92 1574
94 9201
87 15235
12 17685
55 11498
102 13526
82 3411
73 18755
72 5429
20 14563
39 13924
71 13767
17 6009
7 5641
98 7192
45 6206
68 1999
93 1879
65 14144
44 15306
62 18990
32 9515
1 10213
83 12405
69 2244
77 11633
71 18957
28 15399
70 15568
11 14814
69 5117
67 14228
58 8776
1 7052
17 9724
63 12264
10 4540
42 14817
21 5103
56 2745
49 7539
18 4513
101 3479
28 15165
10 13302
48 5509
68 4348
35 8237
70 9897
110 18745
11 9996
96 1685
21 7842
4 1639
15 5721
61 1290
82 1463
72 13810
54 17064
106 15339
69 12303
72 2135
21 14638
14 12476
73 17010
108 16506
50 6933
34 5245
93 7042
42 70
29 2618
102 8724
44 17512
45 10725
26 4859
24 7940
15 1966
94 16515
23 11797
99 13489
94 15267
41 516
10 1535
76 676
85 3994
73 12689
15 2103
44 12395
59 7650
18 16189
60 2534
110 12373
110 6554
83 12455
105 2582
90 10861
56 641
95 3750
25 8487
30 2103
83 5170
44 10443
99 18907
86 18238
108 9659
63 1064
8 3257
63 8044
60 6027
70 10865
105 10144
74 9159
68 5452
20 12959
93 17333
24 17769
83 12555
52 12477
86 6103
92 1017
62 9843
72 306
79 8572
8 5614
100 1198
81 14558
16 10554
7 13477
35 17624
108 12646
6 5199
13 12513
19 13681
65 2566
23 407
9 7896
21 7366
17 14700
35 7901
58 2887
34 494
49 11791
47 13511
64 9755
12 5053
71 10793
97 7870
12 355
11 11998
84 5036
12 16855
22 3652
104 12484
105 3861
37 2368
52 10482
54 5190
50 5260
87 11242
44 3186
80 11470
89 17896
61 987
4 13240
66 2171
35 6387
110 3559
82 15596
26 11093
21 17426
60 17554
63 7674
103 5235
77 13795
22 10651
41 13770
56 5013
31 3459
51 3268
8 10334
52 17678
56 15814
71 814
86 9629
77 14569
22 16718
83 18666
2 8217
61 1028
18 12728
20 2694
46 14798
9 11515
54 15409
84 9011
38 2923
76 6166
51 1275
93 3496
64 1588
106 1661
16 3538
34 6400
17 16578
27 6116
39 105
24 506
52 7866
24 7214
64 9505
97 12720
107 4911
57 3514
30 8567
4 8440
30 16425
42 811
51 2778
37 12715
100 14637
101 3715
41 18990
18 12347
20 7592
19 13833
12 16784
6 1875
109 17788
54 10583
34 3750
26 8860
30 11825
14 12488
74 16880
79 16660
87 7736
107 9961
57 15947
40 17284
29 3867
92 4338
105 2372
90 6047
49 13305
36 18865
106 8002
77 931
18 9746
37 6780
72 2324
19 2845
48 17870
106 487
71 7464
2 2057
67 12591
2 14683
12 14311
27 7473
98 9710
74 8372
12 17765
50 1242
103 14072
27 17839
65 5516
85 17805
101 16192
106 10552
89 8413
65 17689
22 10355
37 8317
89 16805
24 15983
14 14478
33 7929
110 6007
70 13104
32 18895
30 176
72 4977
30 9795
58 18975
29 17175
64 5306
12 12094
50 1587
91 4028
42 8550
10 17256
